    -4.12     -5.68
    -5.78     -7.92
    -2.30      4.84
     5.12     -3.95
    -7.26     -0.74
    -2.71      5.28
     5.13     -0.71
    -6.14      3.08
     3.04     -6.40
    -0.97      6.51
     3.32     -3.65
     4.20      1.44
    -6.39     -5.86
    -0.50     -3.22
    -0.44     -3.90
     2.59     -5.26
     5.11     -5.07
    -7.36      5.22
    -2.00      3.01
    -7.58      5.17
     5.97     -2.92
     0.35      6.62
     0.30     -0.02
     2.76      3.07
    -7.19      5.06
     2.43      2.71
     0.31      0.41
    -3.93      2.04
     0.08      3.00
    -1.06      0.45
     1.36      0.96
    -6.71      4.78
     7.34      1.79
     0.44      0.29
     0.53     -3.29
     6.10      6.87
     0.79     -0.46
    -2.69     -1.94
    -5.98     -7.84
     5.52      4.58
     7.66     -3.25
    -2.22     -2.34
     2.27      3.70
     6.77      3.94
    -6.89      0.92
    -7.31     -4.89
    -0.10     -1.22
     4.99     -2.03
    -1.75     -3.04
    -3.90      2.96
    -3.23      1.44
    -3.38      2.46
    -3.97      0.98
     7.93      1.54
    -5.27      2.27
    -6.36     -7.63
     2.21     -0.90
    -2.04     -1.22
     6.28     -5.89
     6.77      3.13
     2.08     -5.61
    -1.21      5.06
     6.62      0.97
     2.51     -7.46
    -4.84     -3.01
    -7.70      4.95
    -4.17      1.15
     1.25     -6.33
     0.05     -1.67
     5.09     -7.10
    -7.85     -6.57
    -4.47     -6.08
    -3.73     -0.17
    -5.76      5.97
     7.95      2.55
     6.37     -5.76
     5.19     -6.71
     3.01      0.19
     2.87      0.46
    -5.69      6.24
    -2.34     -2.13
     0.32      3.99
    -0.44     -1.17
    -6.78     -0.83
    -0.32      1.68
    -1.75      3.48
     3.07      1.05
    -5.96      6.37
     7.62     -7.52
    -2.28      1.33
     2.48     -7.59
    -2.44      3.61
     4.34      5.61
    -7.62      6.44
    -5.48     -4.86
    -6.24     -1.25
    -3.50     -5.50
    -0.23      0.25
     0.01     -7.45
    -6.06     -5.13
    -2.37     -7.54
    -5.30      4.85
    -2.49      3.86
     0.30      7.17
     2.27      4.90
     3.73      6.80
     0.18     -0.97
     4.05     -6.06
    -3.98     -6.04
    -1.41     -6.83
    -4.27      7.71
     3.14      5.34
     2.85     -1.18
    -2.15      2.49
    -1.56     -5.88
    -3.90      4.31
     7.94     -1.16
     1.00      4.61
     7.92      6.04
    -2.98     -3.34
     7.28      5.59
    -3.02      4.38
    -0.85     -4.88
     4.71      6.01
     4.71      5.90
    -4.94      0.75
     1.40      6.22
    -2.42     -4.97
    -6.35     -4.01
    -7.42     -2.32
     1.09      6.10
     6.60     -6.99
     7.52      6.25
    -7.19      1.94
     6.12     -0.09
     3.88     -0.39
    -3.86     -6.74
    -6.55     -1.18
     5.91     -6.86
     5.77     -5.12
     6.90      4.27
     4.83     -5.58
     4.28      0.04
     1.89     -1.71
    -1.62     -3.99
    -3.53      1.15
     7.57     -5.84
     4.76      3.31
    -1.12     -3.58
     7.69      1.08
    -5.17      5.99
    -0.30      6.57
     0.26     -7.40
    -2.64     -2.08
    -7.87     -4.30
     5.96      2.82
    -2.75      5.53
    -7.73      5.13
    -1.14     -6.63
    -1.88      4.86
    -6.18      6.07
    -1.35      2.58
     6.01      0.70
     6.38      6.90
    -0.54     -3.29
    -7.85     -5.82
     6.23     -4.25
     2.22      0.34
     4.84     -6.19
    -2.20      5.76
     6.86     -1.32
    -0.80     -5.51
     5.58     -6.24
    -0.03     -3.82
     7.13     -3.79
    -5.38     -0.61
    -6.97      2.88
    -4.27     -1.51
     2.72     -2.14
     7.28      4.43
     4.73     -2.44
    -4.56     -2.01
    -0.03      6.66
    -7.78      6.96
    -4.45     -2.33
    -1.80     -7.87
     2.46     -1.36
    -5.40      2.69
    -6.81      2.15
    -7.56      7.27
    -4.61      1.90
    -4.14      0.09
     3.58     -6.29
     4.77     -5.15
     2.83     -5.04
    -4.22      4.93
     0.65      6.76
    -3.67      0.09
     6.53      0.02
    -6.04      2.10
     4.57     -2.99
     0.93     -7.69
     4.59     -0.85
     4.35      5.13
    -1.34     -4.11
     3.75      2.15
    -6.10      6.43
     0.11     -2.95
     3.80     -6.10
     5.18     -6.46
     3.44      1.73
    -6.26      5.57
     3.93     -1.98
     7.05      5.76
     7.04      5.72
    -2.55     -7.98
    -1.96     -2.97
    -5.75      1.78
    -4.80     -0.63
     2.28      3.81
     1.17     -2.71
     7.75     -4.89
    -0.65      2.19
     1.58     -2.60
    -2.55     -3.04
    -7.14     -6.49
    -7.74     -0.29
    -0.22     -1.10
     4.15     -4.00
    -2.89      6.44
    -7.60     -5.80
     6.70      6.28
     4.77      4.83
    -2.11      0.47
     7.04      5.38
     6.38      3.04
     7.76      5.14
     5.48      5.95
    -2.35     -1.38
     6.44      2.71
     2.40     -5.56
    -2.77     -0.10
     1.57     -4.71
     7.04     -3.11
     0.29     -0.31
    -5.65      3.92
     5.99      7.45
     2.21     -1.10
    -1.77      4.33
     5.92     -6.48
     5.13     -2.41
     6.82      6.74
    -4.95      4.21
    -5.61     -1.46
     2.28     -4.54
     0.00     -2.86
     5.01      6.15
     3.10      7.11
    -1.07      6.53
    -2.75      3.00
     4.29      7.14
     5.40      2.82
     2.10     -6.23
    -2.29     -0.53
    -6.44      4.43
    -7.81      4.49
    -0.51     -2.87
    -4.53      7.13
    -4.12     -5.20
    -7.90     -2.49
    -5.45     -5.64
     7.34     -5.74
     4.27      4.58
     3.93     -7.14
    -4.49      2.52
     7.22      5.30
    -1.05      3.19
    -1.78      6.03
    -6.56      6.76
    -5.81     -1.36
     6.38      2.58
    -2.01      7.11
     6.91     -1.76
    -6.04     -7.74
    -0.60      0.19
     5.08      1.96
     3.51      2.94
     6.97      5.78
    -3.98     -4.69
     4.36     -6.77
     0.54     -7.73
    -7.58      4.54
    -2.22      7.60
    -3.93      3.80
     0.91      1.77
    -4.36      6.25
     0.49     -8.00
     0.65      7.39
     3.15     -6.83
    -3.42      7.06
     3.88      0.19
    -5.95      5.88
     1.40     -4.15
     6.37      4.27
    -4.63     -4.06
    -4.15     -4.54
    -2.93     -3.07
     6.91     -3.68
    -5.37      4.63
    -6.73      6.85
     6.80     -0.26
    -6.15     -4.44
     6.94      3.11
     2.92     -4.94
     1.69     -7.68
    -0.23      3.25
    -5.56     -0.74
     0.37     -1.33
     4.00     -3.09
     7.97     -4.31
    -6.42      7.71
     4.66      3.09
    -0.36      7.86
     1.70     -3.25
     6.67     -1.24
    -6.78      3.24
    -5.26     -1.93
     7.60     -4.10
     4.55      4.34
    -2.34      2.93
    -0.36      7.84
     7.13      1.62
     6.51      1.53
    -5.48      7.12
     6.94      2.07
    -1.72      2.31
     7.60      6.73
    -4.02     -6.45
     6.48     -4.90
    -7.19      7.21
     2.81     -3.74
    -5.01     -1.38
    -4.54     -7.84
    -1.38      2.23
    -3.06     -2.83
    -1.37     -0.54
    -5.81      1.76
    -4.31     -5.91
    -4.65     -2.74
    -3.85      3.33
    -4.35      4.89
     5.82     -0.23
     4.01      7.12
     7.90     -1.34
    -0.67      0.00
    -3.95      4.45
    -3.86      1.62
    -5.79     -6.02
     4.25     -3.57
    -0.18     -2.94
    -1.18      2.83
     7.28     -3.81
     1.17     -6.49
    -2.33     -0.19
     5.99      7.91
    -3.64      4.61
    -6.83     -3.56
    -4.74     -3.41
    -4.62     -7.51
     6.61     -0.66
     1.58      2.98
    -4.06     -3.46
    -3.05     -7.77
     6.47      5.86
    -2.15     -7.54
    -5.58     -7.03
     5.03     -5.25
     3.70     -0.35
     6.59     -5.59
    -0.58     -2.91
     0.20      2.39
     4.61      1.18
    -7.03     -2.57
    -5.20     -3.81
     1.91     -3.44
    -6.36      7.39
     4.81     -6.51
    -1.61      1.82
     0.27      1.98
    -3.49     -0.06
    -1.47      4.91
     1.40     -1.40
    -7.06      0.23
     4.33     -4.31
     5.61      7.64
    -7.00      0.34
     2.10     -6.48
     6.01      2.19
     5.57      2.47
    -5.28     -4.92
    -0.14     -3.00
     4.95     -7.35
    -5.74      1.60
    -0.68     -7.34
    -5.60      7.92
     2.97      2.46
    -4.88      7.92
     6.48      5.19
    -1.59      4.21
     5.02      4.00
    -1.72     -7.04
     1.47     -6.31
    -7.99      5.60
     1.11      3.27
    -2.02     -4.22
     1.78     -4.13
     3.65     -2.19
     7.10      4.55
     4.74     -2.21
    -2.14      0.79
    -4.24      7.90
     7.25     -0.30
     3.93     -1.01
    -4.24     -0.82
     3.78     -4.60
     6.66      0.32
     1.55      1.70
    -0.85      4.12
     6.56      7.39
    -0.48      1.46
    -6.87      0.11
    -3.89     -6.56
    -1.54     -4.99
    -2.78     -6.80
    -2.40      5.66
     7.62      5.57
    -0.36     -3.65
    -6.56      4.94
     7.28     -3.66
     7.09      0.90
     7.96     -5.04
     5.14     -0.38
    -0.52     -5.70
    -4.42     -3.41
     2.41     -5.44
    -2.13      5.20
     4.08      0.04
     4.00     -6.10
    -7.07     -2.22
    -6.87     -0.58
     4.70     -1.10
    -3.93      1.42
     1.52      6.79
     7.52      0.00
     0.61      7.51
     1.41     -4.23
    -7.94      3.38
     0.34     -5.52
     2.75     -6.64
     0.78     -2.79
     2.31      4.91
     3.25      4.51
     5.06     -4.41
    -0.08      6.87
    -4.77      7.90
    -6.64     -4.95
     2.09     -3.93
    -5.88     -3.34
     3.46     -3.61
    -0.12      2.09
    -0.74      2.10
    -0.90     -6.69
     1.63     -4.22
    -2.74     -6.30
     0.22     -2.12
     7.11      0.02
    -5.56      6.34
    -7.70      2.88
     2.88     -1.85
     7.16     -2.93
     2.95      2.97
     3.93     -3.05
     7.23     -0.01
    -2.46     -4.47
    -6.34      0.89
    -4.70     -0.49
    -0.49     -0.13
    -5.83     -2.84
    -5.44      5.03
    -0.56      5.42
    -5.08     -1.47
     7.31     -7.61
     7.59     -1.26
     5.94      2.89
     0.03      4.45
    -4.55      2.64
    -5.65      7.99
    -0.15     -7.86
    -0.54      3.48
    -5.30     -0.02
    -0.48     -2.20
     4.18      3.05
    -2.78     -7.44
     7.57     -3.50
    -5.60      4.89
    -7.77      4.30
     1.85     -0.19
    -6.71      5.76
     1.50      2.29
     1.18      2.28
    -6.28     -6.66
    -7.62      3.14
    -1.55      6.35
    -3.30     -3.81
     0.24     -0.16
    -2.72     -4.67
     2.56      7.65
     6.34     -1.83
     7.42     -0.63
     7.73      2.77
     6.61     -2.13
    -1.56      4.06
     6.98     -4.19
     6.99      7.41
    -0.14      2.55
     1.27      4.51
    -7.01      4.97
    -5.88     -7.80
     0.15     -7.59
    -7.34      0.25
     0.87     -4.15
    -6.77      3.07
    -4.94      7.14
    -1.07      0.11
     2.48      5.39
     3.07     -3.53
     3.74      0.60
     6.37     -6.55
     4.99      7.38
    -5.46     -4.84
    -0.46     -7.59
     3.38     -1.96
    -1.49      6.12
     0.75      2.64
    -4.50     -3.24
    -2.97      7.09
     1.03      0.19
    -2.71     -1.93
     6.76     -5.23
     0.51      0.92
    -4.79      6.93
    -5.57      1.81
     5.07      4.52
     5.35      7.48
     1.34      2.54
     6.39      6.56
    -3.71      2.22
     7.75     -6.96
     4.84      6.14
     2.06      1.33
     4.53      0.87
     7.21      0.31
    -2.64     -5.79
    -3.31      3.55
    -3.97     -3.79
    -4.53      1.73
    -4.01     -5.79
     7.99      6.82
    -1.13     -3.90
     6.85      5.38
    -4.27      5.34
     7.76      2.43
     6.66      5.15
    -4.13      4.97
     3.64     -6.00
     4.48     -5.46
     2.05      4.18
     0.01      4.49
     1.95     -1.20
    -5.35      5.90
     5.98      4.20
     5.23     -6.23
     5.83      2.32
     6.19     -5.72
    -6.64      7.82
     4.98     -3.29
    -1.59     -4.22
     1.95      7.82
     4.87     -4.49
     4.74      7.12
    -2.15      4.35
     2.27      3.91
     3.97      3.03
     7.65     -1.66
     3.17     -5.82
    -6.17      2.69
     3.24      5.23
     6.51     -2.61
    -0.16     -6.90
    -6.96     -7.96
     5.83     -7.93
    -4.87     -2.75
    -6.25      6.66
     7.38     -1.61
    -5.46     -3.94
    -3.01     -2.96
     3.58     -7.89
    -1.12      2.40
     4.65     -3.40
    -3.07     -6.71
     0.18     -6.83
     0.88      1.12
     6.20      6.93
    -2.34     -7.86
     4.69      6.99
    -0.58      0.47
    -6.72     -4.66
    -1.00     -5.25
    -3.94     -7.30
     6.81     -0.75
     5.10     -0.41
     7.50     -1.61
    -1.40      5.19
    -1.18      2.74
     6.84      5.45
    -5.05      4.72
    -7.08     -4.53
    -4.31     -4.08
     3.89     -2.13
    -3.23     -1.79
    -7.06      5.71
    -4.77     -5.29
     6.54      2.44
    -5.75     -7.99
     0.83      2.76
    -1.33     -0.50
    -0.95     -3.61
    -3.35     -3.81
    -5.79      3.63
     0.08     -6.71
    -2.95      1.02
     1.37     -4.83
    -3.74      5.59
     0.73     -1.75
     5.34     -3.02
    -4.25     -1.55
     2.26      0.14
     2.94      1.85
    -6.36      0.09
     3.56     -4.21
    -3.22     -3.87
    -1.85      5.94
    -7.93     -2.71
    -4.09     -1.10
    -6.88     -0.28
     1.61     -2.24
     6.60     -2.25
    -6.21      7.03
     4.84     -7.32
    -3.32      2.93
    -1.19      1.44
    -4.31     -7.31
     4.10     -2.77
     5.45     -6.64
    -5.41     -4.82
    -3.68     -4.86
    -7.89      0.31
    -1.53     -7.54
    -5.19      7.19
     3.16      7.98
    -3.38      5.48
    -6.40      6.34
     2.31      3.66
     3.54     -0.21
     1.80      7.29
     5.82      3.49
    -5.42     -3.14
     2.34      1.26
    -3.73      2.84
     5.94      4.28
     3.17     -5.96
    -0.52      3.03
    -6.88      1.36
    -1.09     -6.72
    -2.02      7.14
    -7.24     -6.33
     0.07     -0.63
    -1.31      3.79
     0.11      2.62
     6.54     -1.88
    -0.16      3.11
    -6.90     -4.51
     0.25      6.10
    -4.03      7.79
    -7.72     -6.12
    -1.27      2.45
     7.18      3.92
     2.61     -2.90
    -2.11     -7.28
     1.05      4.47
     4.10      4.73
     3.46     -1.56
    -0.06      3.25
    -2.72     -6.35
     6.04     -6.70
     4.44     -7.52
    -5.71      0.00
    -2.90     -6.66
     6.96     -2.66
     7.00      4.30
     4.94      3.47
     2.03      4.20
     0.88     -4.28
    -7.56      7.02
    -1.97      6.05
     7.38     -3.12
    -2.96     -4.87
    -7.16     -1.52
     7.72      1.27
    -0.49      2.51
     2.54      7.49
     5.04      6.40
     5.08     -7.97
     3.27     -7.88
    -4.65     -0.68
     1.21      4.20
     0.85     -2.68
     4.17      2.94
    -0.05     -1.17
    -0.65      0.13
     6.60     -3.35
    -6.41      0.30
    -2.07      3.00
    -4.93      4.64
     6.42     -6.95
    -4.73      6.35
    -5.18      0.17
     7.86     -3.65
    -6.33     -2.55
    -4.81     -6.45
     6.60     -6.39
     0.71     -1.99
     3.88     -4.33
    -6.83      1.90
     5.00     -1.89
    -4.28     -4.20
    -4.18      1.74
    -2.54     -5.92
    -5.74     -3.32
     3.44     -5.46
    -0.17      3.42
    -3.27     -2.38
    -3.87     -1.39
     0.62      5.35
    -6.98      1.37
    -2.40      3.00
    -2.61      5.51
    -6.46     -4.37
     4.99      4.58
    -6.49      6.03
    -5.69     -0.46
    -6.74     -5.69
    -6.62     -5.11
    -7.23     -1.18
     1.90      4.47
    -0.93     -2.36
     7.13      5.61
     3.00      0.33
    -6.58     -3.56
     7.90     -3.42
     7.14     -1.97
    -1.40     -1.81
    -3.46      5.94
     6.55      6.06
     0.06      2.22
     0.97     -5.10
    -3.50      7.62
     6.62     -3.30
     0.41      0.61
     7.73     -7.32
     7.63      7.67
     7.27      3.23
     4.93      6.29
    -0.15     -6.55
    -2.63     -1.21
     6.37     -5.28
    -0.96     -3.81
    -5.65      3.66
     1.63      7.34
    -1.43      5.13
    -0.34     -1.73
     4.48      0.52
    -7.41     -5.60
    -5.51      6.77
    -6.06     -6.24
    -2.98      0.29
     3.58      5.62
     3.52      5.26
     7.48      1.71
     5.05      6.03
    -2.49      5.27
     0.99      2.09
    -2.21     -4.62
    -7.22      4.43
     0.26      5.21
     7.29     -3.72
     5.61      2.28
    -6.97     -5.59
     6.88     -1.85
     0.96      5.09
     0.38     -7.71
     6.65      6.98
    -5.19     -4.26
    -3.98     -2.62
    -5.64     -7.94
    -5.80      5.84
     7.03     -7.51
    -6.64      5.08
    -4.39     -1.68
    -7.82      7.06
     3.07      7.31
    -2.73     -1.88
    -1.33     -4.00
    -0.91      6.27
     4.66      3.98
    -7.85     -0.24
     0.36     -5.68
     4.26      3.81
     1.17      3.00
    -3.44      5.91
     2.94      7.31
     2.79      2.13
    -5.89     -3.77
    -6.15     -1.93
    -1.63      4.43
     6.67      4.76
     6.01     -5.24
    -4.13     -7.46
    -5.35     -0.49
     2.92      4.62
     0.20      3.32
     6.89      6.74
     3.25     -7.92
    -6.86     -1.92
    -0.41     -2.51
    -0.66      6.89
    -1.77      2.99
     7.35     -2.36
    -1.25     -4.43
    -1.44      5.18
    -0.89     -7.64
    -5.24      5.20
    -7.27      7.18
    -5.15     -1.62
    -6.24     -1.79
    -3.48      3.98
     4.64      5.07
    -4.56     -7.34
     0.96     -6.71
     6.03     -3.05
    -7.17      3.67
     2.66      3.20
    -0.25     -7.69
     0.15     -0.20
    -5.09     -1.07
     0.72      1.31
     0.66     -7.71
     0.60      3.49
    -6.27     -2.80
    -5.88     -5.65
     1.52      2.67
    -6.31     -5.27
    -2.95      7.56
     1.24     -5.16
     2.44     -4.48
     5.29     -1.01
     1.22     -6.83
     3.27      7.05
    -6.34      6.25
     7.16     -0.89
    -1.63     -2.81
    -4.90      4.05
     1.20      1.72
    -1.08      5.90
    -3.02      1.12
     6.02     -1.98
    -1.11      7.50
     6.45      4.01
     6.90      6.03
    -7.85      3.47
     2.36      4.70
    -0.48     -5.64
    -3.61     -5.37
    -4.56     -5.02
     3.44      2.44
    -1.65     -3.54
     6.14      2.49
    -6.29      0.61
    -2.24      0.91
    -2.09     -4.62
    -5.34      4.21
     1.57     -4.53
    -0.99     -0.70
     1.47     -0.95
     4.35     -5.89
    -7.43     -5.57
    -2.23     -3.28
     7.61     -3.30
    -4.68      4.70
    -0.39      0.58
     1.93     -0.77
    -7.75     -0.21
    -4.07     -4.98
     7.80     -5.07
     6.28     -2.00
    -2.65     -7.19
    -7.54     -1.57
     1.26      7.37
    -1.73     -1.39
     1.48      4.68
     1.40     -4.77
    -7.09     -4.82
    -7.43     -7.75
    -1.67     -1.13
     0.27      4.15
    -6.87      3.99
     1.60      0.11
     0.34     -6.39
    -4.72      7.80
     6.58      5.24
     7.68      3.86
     4.43     -6.54
    -1.99      0.93
     0.13      1.33
     6.20      5.50
    -0.72      4.22
    -2.86      1.16
    -2.90      3.65
     5.65      3.94
    -3.89      6.10
     2.79      3.52
    -5.85     -2.24
    -0.93      6.40
    -7.02     -7.75
    -7.77      0.60
    -3.98      6.82
     0.83     -6.02
     2.06     -4.41
    -1.75     -7.47
     6.61     -6.45
     7.60      2.45
    -6.30     -7.29
     4.28      7.82
    -4.67     -3.63
    -1.88     -3.20
    -5.70     -4.97
     0.00     -2.17
    -1.64      7.94
     4.96      5.67
     0.74     -4.40
     2.59      6.09
    -2.59     -1.87
     4.69     -1.19
     7.73     -4.65
    -6.82      1.52
     6.54      6.84
     0.06      5.71
     6.82      4.09
    -2.63      6.80
     3.07     -7.94
     4.42      2.85
     7.49     -0.18
    -5.56     -6.26
    -6.96     -2.09
     3.80     -4.72
     1.52     -4.68
     7.33     -1.77
    -5.87      2.32
    -4.49      0.79
     0.15      0.92
    -7.73      7.99
     4.44     -0.99
    -0.71      4.67
     6.65      3.34
     6.78      7.74
    -2.80     -6.81
    -4.05     -6.65
    -4.87      3.11
     6.40     -3.13
    -1.45      1.25
     4.36      2.29
     5.13     -5.84
    -3.53     -1.73
    -2.19      3.05
     4.47     -7.92
     0.83      4.09
     0.94      2.69
     6.46     -5.30
     7.87      4.44
     6.78      5.48
    -7.42      7.28
     7.41      7.50
    -6.12      5.46
    -4.31      4.79
    -3.04     -2.51
    -0.87      7.56
    -2.38      3.26
    -5.38      0.59
    -0.50     -2.49
     5.06     -7.39
     7.70     -1.57
    -3.07     -3.83
     4.27      3.34
     4.28      5.77
    -5.17      7.60
    -4.45     -6.53
     2.25     -7.85
    -3.19      6.92
    -6.48     -4.80
     7.42     -4.69
    -1.27      0.34
    -0.25      1.42
     4.41     -2.44
     7.81     -4.75
    -4.58     -4.62
     6.28      1.59
    -0.37     -2.78
    -7.94      3.38
     0.37     -0.93
    -4.11      5.44
    -4.35      0.61
     5.57     -2.25
    -0.03      6.29
     6.62      6.55
     5.05      6.63
    -6.18      6.17
    -2.99     -1.96
     6.18     -6.76
    -1.52     -7.93
    -1.95      7.63
     7.41     -2.16
    -2.16      7.83
     0.94      0.79
     5.16     -1.11
    -5.52     -7.87
    -7.08     -4.81
    -6.06      7.38
     2.38      2.45
    -3.50      4.74
     5.92     -1.06
    -7.98      0.72
     1.89      0.73
     4.31      0.34
     4.87      4.97
    -2.72     -6.51
     6.51      3.96
    -4.42     -4.87
     6.26      6.42
     5.75      1.81
     0.21      0.61
    -3.50     -4.73
    -5.83     -7.25
     4.70     -0.68
     5.33     -3.65
    -1.15     -6.60
     3.98      0.75
    -1.54      3.27
     3.12     -1.81
     7.12     -7.35
    -5.52     -6.20
     4.70     -4.48
     4.18      6.57
    -5.43      3.11
    -2.57      6.36
    -1.81     -3.84
    -6.46      2.72
     2.75     -6.78
    -5.80     -6.60
     3.52      2.39
     3.84     -0.75
    -3.55     -2.74
     5.22     -4.94
     7.01      1.33
    -1.60     -5.74
     7.93      0.75
     6.79      4.97
    -6.75     -6.03
    -4.92     -2.03
    -4.37      5.35
     7.98     -2.63
    -3.82      2.02
    -1.20      2.81
    -7.23     -2.03
     6.48      1.13
     1.80     -3.67
    -0.53      4.10
    -6.80     -3.02
     1.89      0.14
    -1.41     -0.46
     4.34     -6.54
    -0.38      0.11
     5.09     -3.15
    -5.75     -1.79
     1.95      1.32
     5.61     -7.32
     0.27     -2.09
    -0.07      6.11
     6.92     -1.37
     2.51     -0.89
    -3.32      0.26
    -6.37      1.33
    -3.58     -2.18
     0.68      6.63
    -3.17      2.62
    -1.23     -5.21
    -3.37      7.80
     0.68     -3.61
    -5.18      2.96
     2.58     -6.06
     3.28     -4.90
     0.09      3.05
     1.78     -3.72
     1.70     -3.70
     6.59      6.25
     7.90     -4.79
     2.03     -4.77
    -0.99      4.73
     0.00      0.56
     0.30      4.14
     4.49      2.88
     2.16      1.83
     1.73     -3.55
     1.95     -7.53
     0.50      7.61
    -4.73     -6.04
     2.14     -1.46
     5.24     -5.40
    -4.38     -6.32
    -3.81     -2.24
    -6.19     -7.68
    -6.03     -6.84
    -4.17      2.55
    -5.81      7.84
     7.14      1.45
     6.88      2.95
     3.42     -6.38
     7.14     -7.40
    -7.63     -3.19
    -0.79      6.52
     6.11     -2.44
     7.59      3.91
     4.30     -1.08
    -4.68     -4.88
     3.66      1.75
    -2.06     -3.14
    -1.10      1.27
    -3.24      5.39
     5.54      0.70
    -2.25      0.37
     7.76     -1.93
     3.01      1.54
     1.64     -6.99
     7.89     -4.88
    -4.44      4.48
     6.21      2.39
     7.10      4.45
    -7.97     -0.82
    -6.03      3.72
     0.12      4.66
    -1.00      5.34
     7.65      5.19
     6.36      1.47
    -2.11      4.45
     3.54     -6.87
     6.13      1.06
     1.47     -4.68
     3.05      4.82
     1.84     -4.91
     4.25     -7.79
    -7.22      7.09
     6.79      1.73
     4.21      1.35
    -4.17      5.77
    -7.28     -3.22
     3.36      5.42
     2.88      2.05
     0.94     -7.31
    -5.55     -0.45
    -4.70      0.81
     7.66      1.80
     0.47     -2.42
     6.37     -2.14
     7.25      1.10
    -5.25      6.79
     5.42      0.79
     0.61      7.04
    -5.39     -3.29
    -0.21     -2.47
     0.55     -7.79
     2.41     -2.94
     2.41     -4.14
    -5.39      3.73
    -0.18     -0.58
    -2.94      5.80
    -1.42     -4.51
     5.40      0.80
     2.27      4.75
     5.14      0.25
    -3.49      7.39
    -6.50      7.28
     6.98     -5.76
    -1.74      5.10
     3.89     -7.47
    -1.21      3.63
     4.09     -2.78
    -2.16     -0.88
     3.38      7.75
    -2.01      1.48
    -4.90     -2.64
     1.90     -3.53
    -4.21     -5.61
    -5.05     -5.55
    -1.56      4.98
     3.32     -0.92
    -2.86     -2.21
     1.99      1.56
    -5.94      5.66
     4.12     -4.62
    -7.67      4.42
    -5.30     -5.98
     1.39      0.73
    -0.49     -2.41
     2.63      6.83
     4.96      0.68
    -3.89      3.12
    -4.03      5.02
     5.78     -7.58
    -4.41      4.44
     2.62     -1.58
     2.17     -4.51
    -4.06     -6.50
    -3.64     -3.42
    -7.29      2.43
     3.65     -0.31
    -4.89      1.79
     2.10     -7.22
     0.12      0.95
    -4.78      5.98
     3.22     -1.33
    -7.49      2.65
     0.05     -6.98
     7.43      4.49
    -5.75      7.21
     3.19      3.24
     6.05      0.66
     4.27     -5.03
    -1.66     -5.06
    -6.82      4.29
     6.53     -5.75
    -6.67      6.40
     1.82     -2.12
     6.33     -3.91
     0.41     -4.45
    -5.30      5.73
    -0.15      2.53
    -2.45     -4.68
     2.29     -5.98
     1.93     -5.34
     0.56     -0.43
    -1.49      7.42
     4.14     -0.93
    -2.42     -1.59
    -1.94      3.73
     5.95      0.73
     1.37     -5.65
     4.70      6.32
    -5.57      6.56
     3.17     -7.27
     0.07      1.31
    -2.76     -6.00
    -0.44      4.89
    -1.81      5.35
    -5.09      5.67
    -1.43      4.00
    -6.27     -6.52
     0.33     -5.30
    -6.13     -3.18
     5.56     -2.01
    -3.61     -2.34
    -7.04      5.48
    -5.90     -0.55
     2.57     -5.23
     6.00      1.41
    -6.20     -6.00
     1.26      6.86
     4.77     -6.39
     5.12     -7.42
    -0.63     -3.49
     6.40     -2.52
     7.06      2.46
    -0.62     -7.81
    -2.40      4.61
    -5.69     -5.61
     6.57     -2.53
     0.27      1.36
    -5.21      6.00
    -2.99      7.01
     1.16      0.59
    -2.57     -3.22
     6.60      5.39
     5.05     -2.94
    -6.01      6.28
    -7.49      2.35
     5.99     -6.24
     2.73     -7.07
     2.15      1.96
    -3.50      1.95
     1.18     -7.28
    -1.50      1.48
    -1.39      5.82
    -4.68      7.93
    -6.94      2.50
     5.08      4.32
     4.58     -4.82
     1.05      2.75
     7.03      5.23
     4.27      4.31
    -1.44     -5.72
     2.15      0.04
    -5.44      3.43
     3.23     -1.09
     3.46     -1.82
    -6.82      6.11
     1.44      7.10
     0.28     -5.44
    -4.64      1.15
     1.26     -2.29
    -7.40     -0.73
    -0.25     -2.06
    -1.24     -2.75
     6.29     -0.04
     1.32     -5.19
    -2.97     -3.89
    -2.83     -6.81
    -7.82      0.79
     2.96      4.11
     7.84      2.38
    -2.56     -5.65
    -3.16      7.09
    -7.99     -1.48
    -7.72     -4.60
    -1.74      2.53
     7.96     -3.55
     1.24      7.96
    -3.34     -3.84
     4.05      1.43
    -1.43     -0.21
    -1.45     -7.41
     2.79     -3.05
     5.66     -6.92
     2.55      0.39
    -2.73      7.53
     0.32     -1.65
    -0.18     -1.54
     6.40     -5.18
    -3.14     -5.73
    -7.98      4.36
    -1.99      4.91
     4.95     -5.36
    -1.58      4.09
     2.83     -0.93
    -4.29      3.02
     5.96     -2.41
     5.31     -5.36
    -1.63     -2.96
     4.50     -3.00
    -3.78      6.14
    -2.87     -5.50
     3.08      7.53
     7.76      1.13
    -4.29      0.95
     5.89      3.99
     6.91      6.44
    -4.20      4.91
    -4.83     -6.60
     0.22      5.76
     7.94     -6.62
     2.07      7.03
     7.77      6.88
     6.23      4.69
    -2.20     -2.53
     1.39      3.79
     5.45      2.57
    -7.61      2.44
    -2.71      6.60
    -1.02      5.90
    -4.25     -0.90
     4.26      2.14
     2.09      7.64
     6.81      6.07
     3.60      7.03
     0.93      0.09
     6.23     -3.67
     1.10     -7.75
    -6.72      6.46
     6.95     -4.73
    -1.41      0.34
     1.25     -6.72
    -0.86      2.20
     1.84     -2.35
    -0.67     -6.62
    -3.40      0.42
    -3.53      2.07
     7.99      6.21
    -4.42     -0.37
    -4.89     -5.52
     4.36     -1.66
    -3.59      6.69
    -3.17      4.64
     1.04      7.13
     1.02      3.63
     0.24      0.68
     5.43      1.69
     2.25     -6.44
     5.86      3.17
    -4.91      0.66
     7.38      0.96
    -6.40     -4.25
    -1.25     -0.99
     4.25      6.23
     2.60     -5.41
     1.93     -3.37
    -4.25      2.48
    -5.98      0.92
     1.11     -7.14
     3.57      2.32
    -7.92     -1.99
     0.27     -7.11
     4.40      6.89
    -6.55      4.28
    -4.76     -7.75
     5.12      1.22
     5.97      4.41
    -4.46     -3.01
     2.72     -1.37
     0.21      5.73
     6.32     -7.31
    -1.37      5.57
    -3.23     -6.66
    -4.96      0.69
     0.57      5.99
     2.75      4.75
     0.79      3.27
     6.77      4.91
     2.08      0.88
     1.10      7.90
     2.41      1.92
    -0.30      5.20
     2.75      2.99
    -3.90     -3.02
    -6.26     -6.23
    -5.21     -7.35
    -4.57     -1.57
     4.64      6.92
     2.75     -4.23
    -0.88      6.18
     2.17     -1.35
    -6.68      2.93
    -3.70      0.25
    -7.58     -1.62
    -1.38      0.12
     0.83     -2.03
     7.36     -2.61
     3.14      0.83
     0.03     -4.31
     3.82      4.47
    -4.51     -6.90
     5.90     -2.88
    -1.69      7.68
    -7.12      1.74
    -5.29     -6.06
     3.19     -5.34
    -6.64      4.37
     3.45     -7.27
     4.67     -5.50
    -0.43      6.04
    -4.75     -7.67
     5.43     -0.42
    -1.93     -5.34
    -0.41     -4.45
     5.59      6.08
    -5.56     -3.42
    -0.17      2.75
    -7.71     -3.91
     4.52      4.33
     3.80     -6.53
    -7.80     -4.90
    -3.65     -5.63
     5.92      6.02
    -6.88      0.85
     1.48      5.19
     2.60     -7.77
    -7.52      0.50
    -3.80     -2.78
     1.45      3.58
     6.32      2.58
     0.28     -7.33
    -1.17      4.63
    -4.65      3.57
     5.97      3.62
    -1.50      5.88
     7.02     -2.26
    -2.80     -7.69
     6.19     -1.35
     0.15     -3.71
    -4.58      3.70
    -5.62      2.85
    -1.50     -3.13
     1.18     -7.95
     2.89      1.53
     0.90     -1.33
    -6.02     -6.89
     7.57      2.71
    -0.04     -6.89
     6.33     -2.34
     6.58      6.31
    -3.88     -5.19
    -3.47      0.36
    -4.64      3.11
    -4.36      2.05
    -2.34     -7.97
     3.62      3.76
     5.39     -5.22
     6.89     -4.47
     3.41      0.58
    -4.24      1.36
    -2.53      5.55
     5.58      3.82
    -2.21     -2.84
    -1.92     -6.33
     5.42      7.46
     0.77      5.90
    -4.33      7.29
     6.77      7.79
     1.72      7.82
     2.21      2.47
    -6.67     -0.32
    -2.10      2.78
    -3.86      5.79
     3.02      7.21
    -0.37     -5.68
     0.28      1.35
    -6.20     -5.25
    -0.05      6.67
     6.52     -1.47
     5.65     -2.05
    -0.61     -7.93
     2.99     -0.68
    -5.61      3.19
    -2.24     -6.10
     7.03      1.65
     6.45     -5.86
    -0.73      1.58
     1.42      1.56
     0.45      4.59
     2.58     -0.97
    -2.22      4.69
     5.96      6.99
     7.61      5.63
    -4.23     -7.50
    -3.48      3.15
    -1.50     -3.79
     6.38     -0.40
    -1.81      7.98
    -7.49      1.47
     2.73      0.37
     7.21      2.01
    -1.48     -4.28
    -2.33      6.98
     6.49     -5.88
    -0.84     -0.63
     3.08      7.16
    -7.23      8.00
    -2.73     -5.71
     2.46     -1.69
     3.90     -4.93
    -3.78      5.04
    -6.25     -7.02
    -0.60      7.84
     0.80     -3.59
    -1.57     -3.67
     7.11      5.27
     6.90      4.15
     2.54      0.38
     7.34      2.83
     4.84     -1.17
     7.73      0.82
    -7.91      5.89
     5.00     -7.38
    -4.41      1.14
    -3.31     -7.73
     1.95      3.51
     6.65      6.92
    -4.00     -6.20
    -0.43      5.56
    -1.21      4.69
     1.25     -2.65
     2.31      2.86
     3.91     -6.74
    -3.20     -5.56
    -2.84     -3.52
     7.60      4.11
     0.86      4.25
    -4.15     -1.39
     6.54     -7.40
    -4.63     -7.57
    -3.03      2.12
     5.99     -5.32
     6.77     -4.77
    -7.04      3.85
    -0.34     -0.31
    -3.79     -7.79
    -4.76      2.54
    -3.49      0.19
     6.15     -0.75
    -0.74     -3.25
     7.80      6.65
     6.11     -6.75
     2.50     -2.78
    -2.24     -5.53
     3.95      0.62
    -6.01     -3.59
    -6.07      4.74
     5.01      2.22
    -4.27     -5.60
     2.36      4.60
    -2.18     -0.69
     7.00      2.96
    -2.07     -6.31
     2.61      5.46
    -1.55      1.54
    -4.76     -7.99
     1.93     -6.73
    -6.34      6.56
    -6.71     -2.43
    -0.16      0.98
    -6.94      1.49
     4.05      0.01
     4.71      7.41
    -4.58     -4.99
     1.69      5.51
     7.86      4.42
     7.82     -5.57
    -5.83     -2.89
     0.39      0.99
    -3.45      7.72
    -1.29      0.52
    -4.97     -7.15
    -6.02      0.56
    -0.15      6.24
    -1.20      6.87
     4.59     -2.19
     1.36      6.84
     7.29     -3.09
     5.35      7.65
     3.05      1.24
    -0.23      3.34
    -4.16      6.12
    -0.69      4.44
     3.11     -2.53
     1.95      3.38
    -1.65      5.22
    -0.10     -1.60
     1.92     -1.83
     5.55     -3.57
    -4.37     -0.26
     4.88      3.84
    -5.28     -3.84
     6.33     -5.01
     7.84     -6.13
     0.88      6.30
     1.95      3.05
    -3.17     -3.56
     5.54      6.61
    -6.00      1.72
     5.25     -6.64
     6.36      6.88
    -5.74      5.81
     0.68     -4.85
    -5.67     -0.86
     7.20     -3.50
    -2.98     -1.34
     4.88     -6.88
     4.77      4.02
    -7.82     -5.29
     4.21     -3.15
     7.03     -2.67
     1.28      1.02
     4.85     -7.68
     5.48     -4.21
     7.15     -7.56
     6.48     -2.36
     7.37     -6.52
     0.28     -3.27
     0.76     -3.09
     5.77     -4.47
     5.24      7.30
     4.52     -0.31
    -1.39     -2.02
     3.65      5.73
     5.24     -2.80
     0.44     -6.40
    -0.55      5.00
    -4.05     -4.48
    -7.28      7.45
    -5.73      5.42
    -2.80      3.68
     4.68     -1.68
     3.84      6.38
    -3.44     -1.82
    -3.86     -0.55
    -6.35     -5.55
     1.93      0.99
     0.57      5.82
    -4.71      4.97
    -4.04      7.26
    -0.73      2.20
    -7.08      7.04
    -4.42     -4.75
     5.16      2.72
     4.16      1.51
    -0.27      3.84
    -6.78      2.92
    -7.31     -6.39
    -6.29     -3.47
     3.21      4.48
    -7.64      7.69
    -5.00     -3.94
    -5.03      2.89
    -3.66     -2.83
     1.78      2.01
     6.24     -3.01
     6.04      0.00
    -2.98      7.51
     4.94     -4.92
     3.66     -4.03
    -7.58     -6.15
     2.57     -4.66
    -2.83      5.32
     6.54      4.91
     7.00      7.48
    -7.67     -1.64
     4.40      6.84
    -2.87     -0.10
     5.77      0.94
     2.75     -4.32
    -2.28     -4.45
    -4.61     -6.09
     6.91     -7.89
     3.14      5.26
    -4.81      4.48
    -5.23      0.99
    -1.66      7.29
    -5.45      0.90
    -3.10     -7.53
    -4.48     -2.67
     4.22      2.01
    -1.74      1.58
    -6.93     -8.00
     7.80      3.24
    -6.76     -6.50
    -5.66      7.64
     2.95     -0.52
    -0.70      3.51
    -4.18      6.88
    -2.97      0.37
     1.83     -2.70
    -1.27      2.03
    -0.50      6.99
     1.74      7.81
    -7.55      2.94
    -5.04      0.71
    -3.58      0.12
    -3.65     -7.79
     6.41     -2.33
    -4.03      6.56
    -5.90      2.82
    -2.60      5.36
     6.11     -1.47
    -3.93     -7.71
    -7.14      4.19
    -1.44      0.58
    -1.80      1.12
     1.52     -0.90
    -7.32     -7.77
     5.28     -4.93
    -0.27     -6.66
     0.40     -0.63
     3.26      6.67
    -3.21     -2.68
     0.18     -2.69
     1.57      2.48
    -6.73     -5.73
    -3.08     -0.78
     7.12     -1.43
    -1.71     -1.91
    -6.14      3.96
     0.83      4.60
     3.76     -7.56
    -4.60     -1.59
     7.13      0.69
    -0.47      1.25
     2.48      1.25
     5.17      1.67
    -1.24      7.40
    -3.02      1.99
     0.99      5.60
    -5.65     -1.61
     6.21      2.25
    -2.24     -3.58
     7.49     -0.98
    -5.92     -4.60
    -6.89     -0.37
    -0.71     -3.13
    -0.43      6.87
    -6.62     -2.06
     3.37     -4.78
     1.41      4.88
    -4.82      5.17
    -1.37     -0.74
     4.32     -0.26
    -4.07      1.21
     2.17      7.29
    -0.32     -5.01
    -2.80     -0.99
    -0.90     -6.25
     0.06      4.18
    -3.31      4.61
     1.76      4.12
    -5.73      2.22
    -7.79      1.03
     2.01      2.69
     7.72     -3.28
     1.57      3.40
    -5.88      4.24
    -4.74     -4.35
    -7.93      5.56
    -5.57     -2.36
     1.58      6.01
    -2.58      2.09
     7.70     -6.32
     3.87      0.85
     2.94      4.61
     0.45     -6.85
     2.82      6.05
     4.01      6.93
     3.24      5.26
    -5.69      1.73
    -6.69      0.57
    -2.37      6.41
     7.04     -0.41
     3.67     -2.89
     0.99      2.60
    -3.80      6.60
    -5.10      7.34
    -3.72     -4.39
     2.85     -3.93
    -4.04      2.42
    -7.68      1.69
     6.70     -1.82
     2.40      4.80
    -4.97      5.37
    -7.52     -3.15
     5.25     -4.67
    -3.22      1.85
    -3.33      7.91
    -5.07     -7.76
     2.43      0.20
     0.19      1.54
     2.53      7.35
     0.72     -2.18
    -7.44      4.70
    -1.82      0.66
     7.87     -5.21
    -4.82     -0.44
    -7.37     -1.68
    -4.76      5.50
     5.66      3.60
     1.89     -3.51
    -0.50     -2.59
     1.88     -7.22
     4.08      0.39
    -3.71     -5.98
    -3.88      1.23
     1.64     -3.88
     6.48      5.86
     5.23      4.38
    -7.58      2.56
     2.67      4.07
     0.14     -4.39
     7.60     -3.22
     0.91     -5.20
    -5.91      6.45
     3.38      2.80
    -7.93     -4.74
     2.28     -1.18
    -0.37     -7.88
    -3.53     -1.11
    -3.67      7.90
     5.58     -7.01
     1.09      7.28
    -2.12      4.05
    -3.51     -1.09
     5.81      5.09
     5.62     -6.99
    -1.23      4.73
     0.90     -0.22
     5.80     -7.97
     2.05      0.96
     7.77     -5.72
    -4.44      1.25
    -4.79      4.80
    -0.31     -5.33
     2.04     -4.97
    -4.58      5.17
     6.66      7.55
     3.82      2.63
     1.02      4.15
    -2.48      4.78
    -1.89      0.95
     5.34      0.25
     7.46      6.86
    -4.93      4.95
    -2.31     -1.01
     2.83      1.57
     4.71      0.65
     7.20     -4.12
     4.81     -1.09
    -5.49     -2.67
     3.93     -7.01
     5.33      2.17
     3.82     -2.44
     4.04     -3.19
    -3.09     -1.27
     0.64     -2.55
    -2.03     -6.26
    -1.22      3.61
    -2.00      5.04
    -2.55      4.90
    -4.61      5.15
     6.51     -4.86
    -6.10      5.91
    -4.82     -6.31
     0.61     -5.38
     6.14     -5.08
    -2.61     -2.92
     2.26     -1.67
    -5.65      7.54
     4.49     -0.27
     7.92      1.87
    -4.97      6.68
     5.98      1.25
     7.41     -0.23
     1.07      2.53
    -3.18     -3.13
    -0.03      1.60
    -3.14      1.34
     2.86      5.40
    -1.64      2.98
     2.38      7.79
     0.62      1.23
    -2.78      1.14
     4.93     -3.76
     3.94      7.39
     4.33     -6.32
     0.83      5.36
    -3.36     -7.88
    -5.61      0.16
    -4.12      1.55
    -6.90     -2.21
     3.18      7.47
    -4.86      1.30
    -0.52      0.73
    -6.78      6.79
     5.36      1.75
     3.63      6.15
    -6.11      1.27
     2.24     -3.36
     4.38     -0.75
    -7.28     -4.45
    -6.97     -5.16
    -7.09      3.04
    -3.46     -4.42
     1.44     -3.54
    -2.49     -2.09
     6.84     -3.45
     6.63      7.03
     6.12      1.97
    -5.74     -6.63
    -5.77     -4.49
    -7.64     -1.76
     3.21     -4.20
     0.94      6.56
     1.71      2.64
    -2.71     -3.98
    -2.39      3.56
    -0.46      2.69
     1.15      6.43
    -3.94      4.30
    -0.34     -3.16
    -5.18     -6.57
     5.21     -6.65
     6.52     -5.33
    -4.71      2.68
    -5.67      6.18
     4.35      5.65
    -1.05     -1.83
     5.03      0.52
     6.33      6.41
    -0.92     -5.38
    -0.46      4.68
     1.57      0.82
    -3.32     -0.26
     3.77      0.69
    -5.04     -4.95
     3.81     -5.89
    -4.59      6.01
     4.81      0.40
     7.95      2.31
     2.44     -3.27
    -5.23      1.13
     0.84      6.43
    -1.00      1.36
     7.55      3.03
     5.36     -5.24
     2.10      0.91
     1.45     -3.64
    -5.04      7.81
     3.68     -2.42
     3.68     -6.87
     6.90     -0.86
    -5.75      3.01
     3.10      1.80
    -0.30     -5.34
    -1.91     -1.62
     3.17     -3.97
     1.62     -5.52
     6.32      5.12
    -7.96      7.45
    -5.36     -2.26
    -2.37      5.93
     6.24      4.37
     2.80     -1.28
     1.32     -7.50
    -5.59      2.72
    -3.69      1.40
     3.41      6.34
    -7.56      3.35
    -0.91     -0.20
    -5.75      2.05
    -1.66     -6.48
     3.73      0.77
    -6.73      0.58
     4.87      4.68
     2.97      6.80
    -2.78      4.33
    -1.40      5.97
     2.45      5.29
     5.56     -0.51
    -0.99     -1.78
     4.47     -2.26
    -3.67      0.48
     3.97      5.27
    -4.19      6.12
     7.45     -5.84
     7.72     -3.51
    -5.85      6.90
     2.65     -0.63
     0.40     -3.70
    -0.51      3.67
    -4.38      1.47
    -7.65      0.33
    -2.19      5.44
    -7.89      4.42
    -3.90      1.90
     7.90     -0.16
     2.60     -3.74
     3.94      3.13
     2.10     -5.54
     1.23     -6.21
    -3.84      0.25
     1.97      4.20
    -6.34     -3.44
    -4.44      4.53
     5.96      4.47
    -4.30     -3.49
    -3.98      7.92
    -2.34      2.70
    -6.21      1.96
     0.20      4.44
     0.24     -7.09
    -7.95      2.09
    -1.39     -0.15
     3.98     -4.07
     0.73      3.94
     1.53     -1.46
     2.63     -4.08
     1.69      2.49
     1.72     -6.13
    -7.79      2.65
     5.95      6.11
    -5.99     -1.07
     7.06     -0.81
     0.85     -7.42
    -2.50      5.76
    -7.82      6.23
    -6.22     -7.75
     4.57      6.31
     0.71     -3.04
    -4.26      5.53
     1.89      3.39
     2.49     -0.55
    -5.87     -4.45
    -7.60      5.77
     3.15      4.15
    -1.52     -6.77
    -1.59     -0.55
    -1.75     -1.81
     5.31      2.39
    -6.59      6.84
     0.16     -0.29
     2.84     -6.34
    -4.92     -1.30
     3.69      6.14
     2.05     -4.95
     4.85      4.00
    -6.28      0.68
    -1.50     -3.13
    -0.93     -2.45
    -0.28      4.40
    -1.01      4.79
    -6.32      1.80
     7.20      1.58
    -7.47      4.49
    -3.12     -4.73
    -5.48     -5.83
     6.50     -2.61
     3.01     -4.73
     1.74      0.05
     4.76     -4.71
    -6.55     -4.06
    -5.42     -3.77
     5.65      2.67
    -7.55     -1.27
    -4.15     -2.53
    -5.73     -0.43
     0.62      7.47
     1.08      1.56
    -7.94     -6.06
     2.47     -7.95
     3.75     -2.90
     0.33     -0.94
    -4.56      5.66
    -4.01     -3.31
     5.53      1.10
     4.40      5.39
    -2.45     -3.61
    -2.91     -6.95
     6.31      6.41
     7.12     -5.63
    -4.49      5.19
    -7.30     -1.90
    -2.80      2.60
    -0.60      0.64
     5.62      2.67
     2.44      6.57
    -7.99     -2.34
    -4.31      4.00
    -0.03     -3.37
    -1.41     -0.42
     5.56     -0.53
     1.72      2.16
     6.59      5.84
     7.57      4.78
     5.29      3.73
     3.83     -5.73
     5.36     -3.87
    -0.77      0.43
    -5.50     -5.20
    -4.56     -5.17
    -1.12     -6.30
    -0.90      5.97
    -3.83     -3.08
    -5.39     -3.57
     4.54      0.38
    -3.93      6.91
     5.04      2.19
     5.46      2.24
    -7.79     -3.41
    -1.75      0.63
     4.64     -5.05
     0.32     -0.89
     4.93      6.47
    -2.34      6.61
     3.42      2.53
     3.10      7.55
     0.40     -2.41
     1.05     -3.22
     7.55     -3.74
     3.75      3.42
    -0.49     -7.15
    -1.63     -3.11
     2.11      7.60
    -7.75      3.99
     7.56     -4.85
     0.40      4.05
     0.09     -1.70
    -4.23     -0.37
     4.75     -3.56
     4.46      0.98
     4.62      7.70
     4.38      0.84
     0.76      3.06
     4.10      2.30
     5.78     -6.23
     2.76     -7.25
     4.41     -6.68
     3.20      1.72
    -5.98      0.39
    -7.98      4.75
     5.29     -5.29
    -7.35     -7.35
     4.20      5.44
    -4.19     -4.86
    -4.80      0.35
     0.95      7.74
     4.50      4.52
     5.77      1.62
    -0.87     -0.58
    -4.57     -2.63
    -3.68     -0.25
    -5.13      7.93
     0.56      3.64
     7.77      7.82
     6.30      2.84
    -6.37      7.43
     5.19     -6.06
    -6.45     -1.68
     4.06      2.26
     4.66     -7.08
     6.13      5.36
    -6.29     -4.00
     5.07      7.00
     7.69     -2.40
     2.93      6.11
     1.92     -7.95
     2.76     -6.98
     5.80      0.98
    -1.79      1.24
    -0.53     -1.50
     7.01     -2.35
    -3.53      4.74
     5.44      5.95
     6.65      3.71
    -3.39     -2.12
    -1.93     -3.27
     4.22     -1.18
     1.74      2.58
     7.78     -4.40
    -0.92      7.63
     2.02     -2.00
     2.65      2.16
     1.76      6.95
    -1.28     -7.13
     4.31      0.52
    -2.49      0.35
    -6.40      2.81
    -3.35     -6.66
     6.77      7.11
    -0.31     -2.37
     5.85      3.24
    -3.59      7.52
     7.31     -7.98
    -6.07      3.11
    -7.04      7.27
    -4.89      2.51
     5.48      7.54
    -4.12      4.30
     3.77      1.31
    -6.11     -3.82
    -5.64      7.90
     1.67      4.76
    -2.66      1.71
    -2.63      1.31
    -7.66     -2.00
    -5.53     -3.38
    -2.71     -7.25
    -4.21     -3.84
    -4.01     -6.85
     7.94     -0.71
     2.79      3.15
     7.80      4.22
    -5.90      4.35
    -6.70      5.70
     4.56     -1.88
     2.86     -6.85
     0.95      7.22
    -5.55     -6.75
     1.32     -7.58
     7.33     -6.08
     5.72      5.08
     2.92      6.87
     1.62      3.91
     2.87     -5.44
     7.82      6.84
     5.89     -1.54
    -4.23      6.50
    -3.16     -4.61
    -1.89      1.78
    -0.58     -5.38
     0.43     -6.32
     2.60     -2.51
     0.61      4.01
     6.29      0.31
    -4.36     -2.97
     3.98      3.66
    -3.42      2.27
    -0.84      4.52
     7.34      2.74
     4.25     -2.95
    -3.08      1.71
    -4.58     -4.99
     1.94      4.31
     3.89     -2.03
     4.49     -7.50
    -2.82     -5.66
     0.66      1.50
    -4.92      3.01
     4.22      7.26
     1.16     -3.15
    -5.39      5.94
    -4.71     -5.83
    -2.21      2.11
    -5.97      2.34
     5.72      5.45
    -6.61      1.06
     6.00      7.96
     0.80      4.61
     5.75     -6.74
    -7.41      1.37
     5.10     -0.16
     1.68     -0.56
     6.30     -1.60
     0.02     -5.11
    -2.12      6.43
    -7.58     -3.28
     2.67      7.21
     6.30     -6.99
    -5.63      4.19
    -1.98     -1.41
    -5.81      1.23
     3.34     -7.38
    -2.70      7.50
    -5.42      7.54
     6.15     -0.05
    -4.85     -0.09
     6.91      1.83
     0.55     -3.61
    -3.06      5.23
     3.96      6.01
     3.04      0.00
     7.62      0.21
    -2.71      7.78
     2.44      6.96
    -3.91      4.58
    -4.28     -5.91
    -1.16     -2.19
     6.59      1.34
    -6.27     -4.50
    -2.65     -3.13
     5.12      6.88
     5.01     -2.57
     2.69     -0.98
     1.72      1.36
     0.90      4.17
    -4.36     -5.83
     7.51     -5.73
    -4.40      4.35
    -1.74     -0.88
    -5.40     -3.69
     4.43     -5.14
     3.41      5.27
    -0.31     -6.59
     3.45      6.32
     1.71     -0.82
     1.94      0.70
     3.71     -2.79
    -4.08     -4.31
    -6.40     -2.66
     4.65      5.86
    -1.74      7.52
    -1.57     -3.55
     1.61      5.42
    -1.11      7.55
    -1.53     -4.59
     4.25      5.88
     2.23      6.17
     6.59      6.72
    -6.80     -1.14
     0.24     -1.18
    -4.54      7.60
    -3.91     -3.47
    -7.76     -7.06
     3.14      4.05
     0.03     -6.50
     4.58     -7.34
     7.37     -0.56
    -0.32     -3.78
    -0.05      6.68
     0.82     -6.79
     7.77     -4.51
     7.08      6.37
     2.08      0.39
    -5.99      2.68
     1.61      2.10
     6.27     -5.05
     7.92     -0.97
     3.40     -6.15
     5.66      2.27
    -1.22     -4.15
     2.99     -3.45
     5.33     -3.38
     4.96      5.43
    -6.38      5.41
     7.99     -1.65
    -2.71      4.62
    -3.66     -7.04
    -7.66     -3.93
    -1.12     -1.99
    -4.05      4.38
     3.40      6.04
    -1.27      5.58
    -6.54     -6.18
     4.47     -2.39
     0.17     -7.90
    -7.74      0.90
    -4.37     -1.84
    -2.41     -2.40
    -2.50     -0.76
    -3.51      7.20
     2.01      2.19
    -3.67     -4.44
    -5.33      4.13
     5.65     -2.67
     6.10     -1.51
    -1.17      1.85
     6.72      2.78
     5.31     -6.12
    -6.93      5.27
    -7.48     -5.24
    -3.90     -5.22
    -0.30      0.30
     0.48      2.31
    -2.15     -3.48
    -0.94      3.01
    -2.10      6.41
    -4.21     -6.47
     5.11      4.41
    -3.02     -1.11
     5.69      5.39
    -6.05      0.98
     1.83      4.69
    -6.89     -1.67
     0.17      4.73
    -3.66      5.95
     4.07     -6.59
    -0.85     -6.11
    -5.82      2.86
    -6.13     -1.28
    -1.51     -1.99
     6.15     -4.63
    -4.64     -1.65
    -7.53      0.86
     2.67      1.72
    -7.12     -5.27
    -2.33      3.21
     5.72      1.53
     0.44      3.10
     4.91     -5.61
     3.10     -3.43
     0.88     -5.93
     2.31      0.97
    -5.80     -5.86
    -5.07      1.08
    -3.55     -4.72
     2.80     -3.89
    -1.67     -4.42
    -1.17      4.95
     4.20     -2.81
     6.95     -0.24
    -4.27      2.92
    -5.69      3.36
     3.80     -3.22
    -4.13      3.61
     2.96     -7.24
     5.73      4.06
    -6.61     -2.45
    -0.71     -6.03
    -1.68      4.15
    -3.57     -4.63
     7.93      5.41
     2.63     -2.98
     1.18      7.90
    -4.07     -7.03
    -3.14     -4.17
     4.43      6.65
    -3.96      7.33
    -7.23      5.03
    -4.69      5.05
    -6.27      6.99
    -0.05     -4.84
     1.56      5.86
    -7.92     -5.79
     4.75      5.45
    -1.35      1.68
    -4.24      1.15
     6.58     -3.67
     1.23     -3.79
     0.13     -0.58
     1.32     -2.55
     4.90     -1.49
    -3.45      5.18
    -4.20      1.24
     7.01      4.61
     0.53      5.86
     1.94     -3.81
    -1.59     -3.99
    -7.34     -1.83
     3.42      6.78
    -0.48     -5.07
     7.34      3.96
     3.10      2.12
     6.92      7.42
     3.37     -0.23
     5.88      1.98
     3.50      0.56
    -2.32     -7.53
    -7.08      0.16
     7.73     -6.93
     3.32     -0.11
    -4.04     -1.80
     0.84      0.58
     3.74     -1.13
    -2.43      0.66
     3.35      3.22
    -1.81      7.90
     7.69     -6.41
    -4.65      0.15
     7.63      0.45
    -4.92      4.47
    -7.97      5.36
    -2.03     -1.70
     7.23     -4.11
     5.52      2.10
    -1.24      6.98
    -5.71     -5.03
     6.41     -6.71
     2.81     -5.53
    -3.06     -6.31
    -1.87      2.53
    -7.56      0.70
    -2.09     -6.32
     7.43     -2.37
     7.28      1.70
     1.70     -0.59
     0.29     -3.91
    -0.66     -1.28
    -5.59     -1.69
    -5.29     -6.73
     2.40     -0.86
    -1.35      2.02
    -0.42      0.51
    -4.19      3.45
     7.04     -4.55
     6.35      5.72
     4.04     -3.77
     4.50      0.76
    -5.19      7.81
     0.21     -1.72
    -3.76      7.60
     1.97      5.13
     3.54     -6.38
     7.23     -5.19
    -4.14     -0.45
    -4.75      0.10
     5.46      4.49
    -7.73     -0.05
    -4.72     -2.87
    -1.16      3.69
     1.93      3.32
     0.48      2.61
    -7.58      6.13
     3.75     -4.28
    -0.74     -4.83
     4.04     -0.03
    -5.66     -2.43
    -4.98     -5.69
     0.12      3.90
     2.50     -4.71
     2.35      0.67
    -4.94      2.21
     2.39     -5.31
    -1.72     -6.58
    -2.53      5.64
     0.82     -5.60
    -2.14      0.54
    -5.55     -3.01
     3.18     -7.91
    -3.53      3.56
     4.62     -0.10
    -6.76      5.13
     2.88     -7.04
     0.28     -7.18
    -3.44     -2.25
    -6.66      1.24
     7.51     -4.28
    -0.50     -5.50
    -3.42     -2.23
    -6.70     -6.73
     4.15     -6.85
     5.00      6.28
     6.13      1.93
     6.90     -2.27
     0.62     -2.21
     5.40      0.25
     1.67     -0.72
     1.87     -7.89
     0.72     -4.01
     3.49     -0.16
    -7.27     -3.44
    -1.04     -2.49
    -0.19     -0.10
     6.60     -0.35
     3.23     -4.30
     4.10     -5.05
     7.14      4.88
    -0.08     -2.08
    -0.81     -1.09
    -2.15     -0.24
     7.88     -1.15
     4.39     -7.88
    -4.54      2.80
    -0.95     -0.91
     4.90      4.21
    -0.54     -5.14
     4.75      6.43
     7.72      3.49
     6.48      0.09
    -4.73      0.89
    -0.37     -4.80
    -3.16     -2.89
     1.50      3.95
     0.45      2.93
    -5.27     -1.13
     4.49      5.56
     4.30     -7.02
     7.13      1.03
     4.87     -3.55
     1.78      4.14
     1.06      1.40
     2.24     -0.44
    -1.73     -3.14
     4.38     -5.75
    -0.83     -1.81
    -0.40     -5.87
     3.36     -7.56
     1.34      2.15
    -6.98      2.69
    -6.06      0.63
    -4.94     -1.26
    -1.42     -7.24
    -4.19      0.83
     1.53      0.15
     2.50      2.70
     2.33     -5.54
    -4.23     -2.28
    -1.88     -7.04
     1.08     -1.54
    -0.63     -4.70
    -0.38      3.27
    -0.16      0.96
     4.21     -6.45
    -4.05     -4.42
     4.64      6.09
     5.43      6.06
    -5.41      1.64
     3.28     -7.14
     7.00     -4.08
    -2.89     -6.28
     2.47     -6.63
     7.31     -3.02
     7.91      1.98
     3.33      4.04
    -7.91      7.78
    -4.73     -6.45
    -4.48     -3.46
     1.96      6.98
     4.00      5.43
    -2.54      4.23
     5.08      2.58
    -4.84     -0.31
    -1.14      6.11
     1.79      7.53
    -2.63      6.77
    -4.01     -5.16
     3.70      0.70
     0.83      3.17
    -4.30     -4.26
     0.99      7.26
    -0.86     -1.77
    -6.88     -5.31
     1.94     -2.92
    -7.57      5.13
    -2.58     -5.77
     3.15      6.86
     6.96     -1.27
    -3.86      4.97
    -1.30      4.11
     5.61     -1.78
    -7.07     -4.33
    -0.65      5.45
     3.28      2.13
    -2.61     -7.93
    -6.96      1.65
    -1.31      1.82
    -4.16     -3.07
    -2.25     -4.14
    -1.88      2.86
    -1.83     -0.75
    -0.39     -2.87
    -0.51      7.59
    -2.33      5.67
    -1.80      5.52
     5.24      0.53
    -1.76     -1.50
    -2.60      2.56
    -2.56     -4.59
     7.21     -5.37
    -6.26     -0.57
    -0.81      7.14
    -6.41     -4.01
    -6.73      3.69
     0.85     -1.32
    -0.20     -4.71
     5.32     -0.77
     4.25     -2.17
     0.78     -7.21
     0.08      5.64
     1.21     -0.10
     7.42     -5.21
     0.09      1.95
    -7.80     -7.66
    -5.67      6.03
    -7.99     -4.60
     1.92     -7.06
     3.89     -2.06
    -7.00      2.66
    -1.26      2.82
     7.90      3.89
     0.91      4.49
    -4.90     -4.57
     4.25      7.17
    -2.45      6.68
     1.51      0.10
    -2.35     -7.62
    -3.88     -4.29
     3.54     -1.11
     2.65     -0.10
    -3.34      7.43
     2.71      4.64
    -4.33     -2.42
     1.72     -2.87
    -6.22      3.87
     1.55     -7.91
    -3.04     -5.64
     3.17      5.93
     1.77     -3.68
     2.85      3.47
    -7.12      1.68
    -5.60      1.59
     6.50      6.33
     0.31     -7.97
    -5.71     -5.18
     3.38      3.09
     3.40     -3.06
     1.06      6.03
     2.94     -0.01
     1.22     -7.13
     5.53      5.07
    -2.93      2.94
     0.50     -5.52
    -5.49      7.57
     4.87     -2.45
    -4.15      1.62
     7.13     -6.62
     3.93      6.20
    -5.87     -3.36
    -0.32     -4.73
    -0.96      2.98
    -1.95     -0.45
    -4.71      6.75
    -5.54     -6.99
     2.77     -2.90
    -1.09      3.06
     6.16     -6.11
    -6.39      0.39
    -2.65     -4.54
     1.70     -2.44
    -2.66     -4.31
     2.22     -0.97
     3.89     -5.84
     0.83      7.62
     6.23     -6.24
     5.46     -1.63
    -7.52     -6.92
     4.99     -7.78
     4.29      4.84
    -5.26      1.09
    -1.27     -5.68
     5.30     -1.55
     2.93     -1.64
     3.64     -2.77
    -1.41      7.69
     1.26      7.62
    -6.91      3.72
    -3.31      0.06
    -6.31      0.73
     2.54      1.99
     4.18      1.49
     6.14     -3.96
    -5.58     -2.65
     6.38     -1.95
    -0.30      0.63
     1.16     -6.46
    -3.22      5.40
     6.76     -1.76
     2.00      7.17
     7.38      0.39
     6.37     -7.49
     5.20      3.17
    -0.91      0.82
    -1.57     -5.01
    -4.78     -5.34
    -3.86      6.11
     7.13      6.46
     0.74      5.38
     1.58      2.63
    -6.09     -4.72
     5.34      6.00
     6.74     -5.57
    -5.75      7.00
     2.11      3.93
     7.72      4.63
     7.15      6.95
    -2.14      3.56
     7.51     -2.30
    -7.94      5.65
    -2.77      6.32
    -7.39     -1.66
     1.05      2.20
    -3.41     -0.79
    -0.85     -7.97
     4.90      4.79
     6.59      5.16
     4.05      5.01
    -6.58     -7.45
     2.66     -7.51
    -6.88      2.94
    -3.80     -7.47
    -2.71      4.41
    -5.02      6.26
     4.84     -4.75
    -5.07      2.39
    -7.31     -1.90
    -4.40      5.48
     0.62     -0.22
     3.59      2.42
     2.53      7.07
    -1.15      2.83
    -4.42     -4.12
     1.57     -2.08
     2.81     -0.84
     1.56     -1.53
     7.67      0.31
    -7.17     -2.94
     4.61      1.31
     6.65      7.03
    -3.39      0.73
     5.67      4.97
    -4.61      0.05
    -1.94     -3.15
    -6.50     -3.34
    -0.66      1.10
    -7.60      5.23
    -6.65      2.50
    -4.65     -5.99
     5.30      0.07
    -7.84      1.74
    -4.30     -0.15
     6.42      0.76
    -1.51     -7.83
     6.15     -2.32
     0.80      1.87
     7.76      6.12
    -2.77     -0.06
     3.85      7.90
    -3.26     -3.42
     6.53     -7.84
     5.15     -1.96
     6.75     -5.60
     6.95     -2.18
    -4.20     -6.54
     6.67      0.35
    -3.91     -5.00
     5.22     -3.68
     3.42     -0.87
    -3.53     -7.41
    -7.66      4.77
    -1.07      5.95
    -2.94     -4.01
    -5.78      3.22
    -4.57     -7.18
    -0.67     -3.83
     2.02     -7.26
     5.56      7.85
     3.70      6.88
    -4.80      3.31
    -3.05     -7.47
     4.85      4.10
    -5.41     -1.71
    -1.21      2.00
    -4.75      0.79
     3.00      4.17
     5.17     -5.11
    -7.98     -5.27
    -7.46     -5.84
    -7.52     -7.01
     0.09      5.89
    -5.19     -4.23
    -5.18      1.85
     2.20     -0.76
     4.64     -5.84
     1.88     -3.61
    -2.13     -0.38
     5.67     -7.98
    -1.40     -7.34
     0.82     -0.76
    -3.33     -1.13
     0.53     -5.44
     5.62      7.34
    -2.53      1.98
    -3.88      4.48
     1.36      4.67
    -0.67      3.38
    -6.45     -1.86
     6.08      2.73
    -4.95      6.99
    -0.15     -2.72
     0.48      4.26
    -5.59     -2.00
    -3.51     -4.99
     1.31     -5.32
     5.29      1.22
    -7.05      5.59
     4.96      3.21
     0.04     -0.19
     1.31     -1.26
    -1.76     -4.19
     0.48     -3.95
     1.01      6.30
     7.20     -0.03
    -0.95      7.43
    -5.47     -0.87
     4.74     -6.61
     7.98     -2.98
     3.71      6.05
     5.71     -7.22
     1.48     -5.37
    -5.37     -5.55
    -6.76      5.08
     3.03     -7.19
     1.21     -0.75
    -4.88      3.28
    -6.47     -1.79
     1.32     -4.81
    -2.13     -1.25
    -0.91     -0.99
    -1.57      4.18
    -5.56     -3.89
     6.19      0.85
     2.13     -2.17
     3.03     -2.51
    -6.45     -7.13
     1.37      7.97
    -6.96     -3.26
     3.47      4.78
    -1.77      6.23
     0.75     -7.04
    -0.97      0.97
     7.09     -5.54
    -6.38      3.22
    -2.66      1.65
     0.76     -5.95
    -0.06     -1.63
    -6.84      7.91
     4.63     -5.94
    -1.09     -5.94
     2.16     -0.03
    -0.42      0.82
    -6.11      1.32
    -1.13      6.06
     1.03      3.18
    -2.32     -3.82
    -3.30     -4.59
     5.84      2.39
     1.55     -3.34
     3.36     -4.55
    -4.46      3.82
     7.28      6.92
    -4.93     -2.23
     4.29     -1.45
    -6.00     -1.04
     0.59      5.91
    -0.80     -6.16
     7.15      1.57
    -7.06      3.84
     1.87     -4.26
     0.77      5.80
    -1.65      0.26
     5.95     -7.42
    -5.28     -5.79
     6.09     -5.94
    -7.86      2.47
    -0.65      6.97
    -4.07     -2.66
    -2.99     -3.32
     3.00      7.01
    -1.19     -2.90
     1.12     -2.94
    -0.61      5.31
     7.06      4.21
    -1.11     -6.88
    -5.63      2.83
     0.05     -3.00
     3.47      5.73
    -6.68      7.38
    -4.12     -7.49
    -6.77      4.44
    -6.78      5.40
    -3.16     -0.70
     2.85      6.40
     2.64     -0.11
    -7.95      2.67
    -2.42      7.93
    -6.70      5.31
     3.67      1.97
     0.18     -1.37
    -5.92     -2.82
    -0.25     -5.76
     4.67     -2.26
     2.16     -3.77
     7.86     -0.60
    -0.59     -3.19
     7.20      4.60
    -7.29     -5.41
     4.10     -5.52
    -1.11      1.53
    -3.75      2.25
    -7.03      5.06
    -2.46      3.79
    -0.77      6.54
    -5.99      2.06
     4.41     -5.25
     6.63      6.75
     7.60      4.17
    -4.84      3.59
     6.43     -4.11
     1.47     -0.21
    -1.71     -2.05
     6.27      2.87
     0.76     -0.55
    -6.09     -3.83
     2.90     -2.15
    -3.77     -1.31
    -6.41      2.19
     4.83      3.87
    -7.81      3.35
     1.74     -1.51
     1.78     -0.76
     3.63     -0.11
    -2.69      6.58
     0.80      0.68
     6.79      0.69
     1.22      2.18
    -7.59     -1.16
     7.40      2.93
    -0.13      1.87
    -4.25      1.86
     6.48      0.71
     2.31     -1.83
    -2.85      6.26
     7.09     -2.57
     2.25      6.34
    -3.01     -3.21
    -0.64     -2.06
     4.45      7.03
    -7.61     -6.24
     0.74     -2.88
    -0.55     -2.40
     2.03     -1.53
     3.12      4.25
     4.56     -4.36
    -5.05     -5.47
     4.21     -7.48
    -5.67     -3.93
     5.06     -3.41
     4.28      4.30
     2.08      1.62
     6.95     -5.77
     0.57     -0.77
     2.92     -7.53
     0.06     -1.37
    -1.44      7.08
    -1.11      5.90
    -6.82     -2.04
    -6.71     -5.67
     4.71     -4.96
     1.07     -4.45
    -2.28      7.89
     5.91     -7.32
    -5.85     -0.44
    -2.99     -3.25
    -6.41     -1.80
     7.65      4.23
     5.61      4.69
    -6.60     -7.25
     0.09      6.94
     2.89      3.03
     5.34      5.48
     2.78     -3.52
    -1.46     -3.62
    -1.55     -6.48
     1.10     -5.30
     0.65      7.18
    -3.41     -7.26
     7.83     -2.56
    -0.50      7.42
    -7.89      5.12
     1.45      1.97
     5.55     -7.39
     7.81      6.76
     0.46     -1.96
     7.42     -6.24
     6.89     -4.25
    -7.48     -0.51
    -7.53     -6.50
    -2.49     -3.59
    -4.93      1.63
     1.62     -2.34
    -0.86      1.43
     0.87      1.24
     7.89      3.10
     4.40     -2.84
    -6.75      4.33
    -1.41      4.47
     6.33     -5.43
     0.46      0.82
     7.99      7.20
     0.74     -7.15
     5.06     -5.26
     3.92      0.05
    -7.34      3.78
     1.83     -7.93
     5.94      7.26
    -4.39      4.58
    -1.17     -7.59
     2.92     -2.45
    -0.07     -3.98
     3.83     -7.37
    -3.35      6.99
     0.57     -0.74
    -1.74     -6.52
     6.63      0.92
    -7.51     -7.18
    -2.11      3.02
    -1.25     -5.86
    -0.80     -7.55
    -0.63     -6.87
     4.31      3.09
     1.36      6.87
     3.11     -2.02
    -7.72      3.26
    -5.12      4.21
     3.17      0.11
    -7.96     -6.80
    -6.22     -6.58
     2.90     -3.64
     2.26      4.09
     5.76     -1.84
    -6.52      5.65
     5.11      5.37
     7.62      0.79
     5.75     -7.28
    -2.18     -2.83
     4.36     -5.62
    -6.86     -3.52
     4.88     -5.10
     5.96      2.93
     0.99     -0.26
    -5.70     -4.20
     3.45     -4.42
     4.64     -1.47
    -5.61      4.09
    -0.78     -4.28
     0.16     -0.66
     0.58     -5.91
    -5.73      1.80
     2.55     -0.34
    -6.31     -0.96
     4.50     -3.59
     0.74      2.17
     3.96      2.95
     2.70     -5.29
     5.57      4.27
     6.36      2.46
     5.21      0.00
    -0.02     -6.00
     3.43      1.61
    -5.11     -7.85
     2.30     -0.10
    -0.80     -6.39
     3.13      0.28
    -2.14     -3.65
     7.95      3.70
    -0.66     -7.94
    -3.64     -4.46
     0.98     -7.95
    -0.35     -0.50
    -4.18     -1.40
     0.56     -3.07
    -1.17      0.85
    -3.82      3.76
    -3.95      5.01
    -6.00      3.67
    -2.98      0.75
     6.43      4.03
    -7.98     -4.67
     4.76      0.25
    -0.37      4.24
     5.03      0.11
    -5.74      4.62
    -7.09      3.83
     0.83      5.43
    -6.14     -4.11
     6.03     -0.88
    -7.83      0.18
    -6.08      7.75
    -6.92     -1.25
    -0.53     -1.88
     3.18     -7.21
    -1.93     -5.31
    -1.35      4.68
    -1.52      0.94
    -1.81     -6.71
     4.37      2.82
    -4.12      0.92
     3.07     -2.41
    -7.49      5.34
     5.00     -5.37
    -6.27      3.92
    -1.46      1.99
    -0.63     -6.30
     2.05      1.13
    -2.41      6.35
    -1.25     -3.29
    -3.13      1.15
    -1.67     -7.04
     2.47     -6.29
     6.80      2.32
    -4.45     -3.19
     6.84     -2.40
     5.28      7.57
    -0.59     -6.38
     7.51     -1.42
     2.49      4.83
    -5.23      7.28
    -6.37     -4.71
     7.24     -1.75
    -5.96     -0.20
    -4.10     -4.12
    -5.65     -4.59
     3.06      2.68
    -6.58      7.49
    -7.91      1.23
     2.75     -3.12
     0.21     -1.58
     5.65      6.36
     0.49     -7.10
     6.04     -6.11
    -0.54      4.24
     5.84     -3.20
     5.88     -4.17
     6.26      5.53
    -3.97      4.78
     0.08      2.61
    -1.92      4.05
    -4.40      0.32
    -5.09      0.75
    -2.58      2.26
     0.64      4.10
    -3.98     -5.57
    -1.41      0.13
    -6.22     -4.29
     7.22     -6.99
    -1.68     -2.30
    -3.20     -1.51
    -0.35      7.46
     3.57      5.84
    -5.77     -7.66
     0.43     -4.67
     5.13      1.04
    -3.13     -4.28
     2.49      4.63
    -4.18     -7.86
    -6.46      6.54
    -0.11      5.39
    -3.91     -2.25
    -5.44     -6.77
    -7.47      5.86
     7.70     -0.39
     0.16      6.29
     7.33     -3.01
     4.64     -4.99
     1.18      4.79
     7.15     -6.64
    -4.82     -0.04
     6.76      5.97
    -2.41      0.92
     1.23     -6.63
     5.69     -2.70
    -1.19      2.37
    -7.84      1.89
     3.47      4.52
    -3.97     -5.12
     4.48      0.88
    -0.31     -4.42
    -6.49      1.26
    -1.92     -3.11
     4.53      4.83
    -6.66     -3.88
     1.81      3.79
     6.69      1.87
     5.15      6.98
    -1.12      2.13
    -2.29     -7.78
     3.75     -4.50
     4.56      1.18
    -3.24      5.07
     4.48      4.22
     7.32     -1.14
     5.63      6.07
     1.48     -7.70
     4.77      2.99
     7.00      3.75
     0.14     -6.90
     5.70      2.51
    -2.20      2.57
     4.13     -6.84
     3.89     -4.85
     6.35      2.34
    -0.75      5.46
    -3.63     -5.00
    -6.11     -1.32
    -7.37     -3.58
     7.03      5.58
     5.69     -2.85
    -6.75     -7.30
     5.08     -3.49
     2.62     -6.51
    -1.22     -1.22
    -0.25     -3.03
    -0.54      4.44
    -1.27     -2.48
    -6.58     -3.84
    -6.54      4.67
     5.30      1.16
    -6.77     -5.49
     0.85      4.15
     4.24     -0.33
     6.97     -0.65
    -1.94     -7.69
     1.81      3.21
     0.79     -7.52
     4.32      6.53
    -2.86     -5.07
    -3.71     -4.31
    -5.84     -1.63
     4.76     -4.95
     0.69     -7.09
     3.71      7.34
     7.63      6.65
     2.08     -4.19
     2.34     -2.73
    -5.94      1.33
    -8.00      3.40
    -6.82     -3.05
    -7.54     -0.59
     6.42     -7.52
     6.38      0.06
    -7.74      0.43
    -5.73      2.67
     0.05     -4.45
    -6.47      7.65
    -3.30      2.49
    -5.23      1.45
    -3.17      5.42
     2.90     -0.13
    -5.66     -4.47
    -0.66      5.30
    -7.56     -5.28
    -5.94     -2.31
    -4.88     -1.29
    -1.87     -6.37
    -6.00      1.24
     7.78     -6.85
     1.57     -5.29
     4.42     -3.11
    -7.05     -7.08
     4.71      0.21
    -1.84     -2.96
    -2.90      4.95
    -5.16      7.42
    -1.65      1.98
     3.30     -0.42
     5.40      7.17
    -1.37      3.21
    -2.91      0.49
     4.16     -0.65
     3.58     -0.33
    -5.57      2.99
     0.86     -0.79
     5.08      2.13
    -6.07     -4.80
    -1.08      5.69
    -0.78      7.13
     6.83     -7.02
     6.43      0.65
    -0.07     -2.39
    -6.10     -4.66
    -3.45     -1.14
    -4.82      5.24
     5.86      1.88
    -3.40      6.20
     0.40      7.45
     3.29     -2.87
    -0.18      1.60
    -0.54     -2.00
     3.65     -4.62
     3.28     -1.26
    -7.44     -6.56
     2.16     -6.86
     3.89     -4.59
    -2.94     -5.93
     0.65     -0.34
     0.40      7.92
    -0.15     -0.65
     0.72      3.50
     1.98      2.87
     4.04      2.72
     1.48      5.64
     6.61     -6.69
    -4.85      4.59
    -6.89     -0.23
     1.08     -3.56
     6.03     -0.66
     5.52      3.59
    -1.92     -6.26
     6.92     -2.59
    -1.33     -5.67
    -4.43     -3.37
     3.68      1.13
    -1.83     -2.58
     4.91     -2.55
     1.97      3.61
     2.37     -7.92
     1.61      5.59
     2.81      0.93
    -4.10      0.38
    -1.94     -7.56
    -5.92     -2.11
    -1.14      0.87
     0.59     -3.09
    -1.63      1.25
     5.10     -0.70
     0.23      0.89
     7.34     -4.80
    -2.38      1.34
     3.51     -2.95
    -0.24      2.50
     2.63      4.00
     1.31      7.83
     3.01      2.00
    -5.27     -2.41
    -7.49     -6.02
     7.84     -4.77
    -5.09      6.37
     4.76      4.79
     2.08      7.28
     2.28      5.93
     1.47     -6.97
     7.10     -0.15
     3.10     -5.58
    -0.48      3.34
    -3.77      6.07
    -4.68     -1.03
    -1.77     -3.36
     1.32      7.53
     3.72      3.66
     3.69      3.10
     5.18     -0.85
     2.23     -3.61
    -2.03      5.20
     0.11     -4.35
    -7.38     -6.80
    -4.71     -0.33
     1.09      3.79
    -1.91      6.84
     3.27      7.35
     1.99      3.36
    -2.29     -6.23
     2.92      3.36
     7.31      4.25
    -6.46      0.60
     2.45     -2.51
    -5.15      4.65
    -0.22     -5.00
     6.62     -5.28
     7.60      5.83
    -5.66     -3.29
    -7.83      2.37
     4.82      7.36
     7.95      0.07
    -7.86      5.49
    -7.08     -2.46
    -6.78     -1.23
    -6.97     -5.75
     1.11     -5.25
    -2.19      2.79
    -5.57     -4.98
     0.28      2.90
    -7.76     -6.57
     7.26      5.44
     0.75     -6.42
    -2.90     -3.20
    -6.14      5.06
    -2.64      5.34
    -2.81     -3.73
    -5.78     -5.26
     3.06      0.80
    -5.72     -2.50
    -5.05     -3.51
    -0.02     -5.09
    -0.37     -6.74
    -5.12      3.23
    -4.46      2.26
    -5.76      3.52
     0.65     -1.74
    -6.82      0.60
    -7.39     -3.02
    -7.28      7.31
     7.62      7.23
    -7.37      1.43
     3.90     -5.83
     3.36      0.27
     4.60     -0.49
     6.98     -7.72
     5.53     -5.68
     5.50     -6.40
    -3.32      2.95
    -6.26      3.44
     6.93     -6.79
    -3.12      6.14
    -3.74     -2.04
     0.25      2.12
    -2.06     -6.14
    -0.12     -2.87
     0.16     -7.25
    -1.56      7.86
     0.81     -2.52
    -0.96      7.71
     6.40     -4.09
    -4.33     -1.15
    -7.64     -5.07
     0.22      4.63
     6.44     -1.97
    -3.07     -0.48
    -0.88      7.15
     6.09     -6.52
     0.19     -6.55
    -0.93      6.13
     5.69     -1.28
    -7.81      4.47
     2.20      0.24
    -3.12      5.36
     3.65     -2.22
     7.60      6.97
     6.67     -7.29
    -7.53      6.41
    -2.62      2.39
    -2.64     -6.40
     7.07      5.12
     0.05     -7.36
     2.13     -5.13
    -2.37      6.79
    -6.73      0.27
     5.84      6.52
    -7.54     -3.90
     0.13      2.18
    -5.94     -6.32
    -3.28     -0.18
    -7.67      4.73
     0.47     -5.62
    -6.56     -7.53
    -1.30      4.93
     7.29      3.88
    -4.86     -6.08
     2.46     -4.68
    -5.28     -1.59
    -1.12     -4.86
    -5.31      3.83
    -3.80      3.21
    -7.28      5.08
    -7.16      4.42
     2.94      7.17
    -2.26     -0.46
     1.42      3.19
    -7.73      4.44
    -3.19     -2.47
    -0.25      6.18
    -7.69      4.66
    -7.37      5.88
    -0.55      2.33
     3.55     -4.79
     2.24     -5.77
    -0.23      7.41
    -2.71      6.45
    -0.80      6.92
     1.57      6.94
     0.83      6.89
     6.21     -1.63
     6.77     -6.05
    -6.65      2.01
     3.21     -5.30
     7.63     -6.71
     5.10      2.82
     0.24      1.58
     4.48     -4.67
    -0.60     -0.17
    -5.54     -2.88
    -3.28     -6.80
     0.13     -7.63
     4.56      6.29
     4.85      4.30
    -5.30     -2.01
     6.64     -5.63
     6.61     -5.95
    -7.08     -6.33
    -3.43     -3.94
    -7.03      6.58
    -7.22     -5.69
     1.84      0.62
    -0.26      7.97
     5.37      0.77
    -2.22      1.27
     0.77      2.19
    -6.79     -3.18
    -0.28     -4.85
    -3.30      5.93
     0.47     -6.45
    -2.23     -6.07
    -6.51     -6.07
    -6.02      1.52
    -3.21     -4.79
     0.44      7.85
    -5.69     -5.16
    -4.71     -6.35
     2.90      6.12
    -5.12      5.78
     2.62      3.81
     0.26      2.30
     6.07     -2.68
     1.09     -0.59
     2.83      6.56
    -3.05      1.86
     2.13     -5.58
    -6.64     -2.87
     7.30     -6.62
     6.78     -7.52
    -2.04      4.27
     3.74     -4.65
    -6.98      6.35
     6.32      7.21
    -4.19     -0.04
    -6.34      4.75
     7.66      0.17
    -2.65      1.76
     4.16      3.25
     5.73      0.03
    -7.88      3.42
    -5.29     -4.44
    -6.82     -4.19
     5.99     -0.16
     2.24      4.48
     5.20      0.68
     2.28     -5.98
    -6.16     -2.58
     5.86     -2.28
     2.47      3.58
     5.39      3.20
     2.13      5.99
    -7.45      4.93
    -0.87     -5.80
     0.92      0.09
     2.58      1.47
     7.96      5.76
     6.76     -6.50
     1.87     -3.75
     0.35     -3.03
    -0.32     -3.71
    -2.23      5.08
    -5.40     -4.76
    -2.82     -5.72
    -0.87     -0.09
     6.60      0.21
    -5.98      6.03
    -0.64     -5.96
    -5.92      1.39
     0.37     -2.14
    -3.80     -2.94
     7.53     -2.59
    -1.06      6.75
     4.34      1.84
     2.39      0.15
    -6.02      6.16
    -6.08      7.00
     5.98      6.84
     2.25      3.66
    -4.68     -4.41
    -5.23     -4.77
    -6.60     -3.80
    -7.68     -0.94
    -1.87     -4.70
     7.05     -3.90
    -2.08      1.13
    -3.67     -0.63
    -0.90     -0.49
    -4.43     -2.51
     4.73      6.56
     4.61      0.21
     1.40     -7.76
    -2.96      0.51
     5.21     -4.82
    -3.60      1.87
    -0.97      4.80
    -1.80     -3.71
     5.87      6.94
     6.81     -6.69
    -0.73     -2.76
    -4.23     -7.12
    -4.09      1.83
     3.49     -7.23
     1.06     -5.58
     1.70      6.63
     7.28     -5.32
     6.11     -0.10
     5.35     -2.14
    -3.31      7.19
     1.09      0.36
    -4.76      4.02
     5.10      1.34
     2.88     -5.07
     3.53      0.04
    -0.36      7.31
    -3.03     -4.46
    -2.81      6.79
    -1.37      0.37
    -4.84      0.59
     1.33     -6.65
     7.75      2.19
     4.69      0.76
    -5.57      5.25
     6.73     -2.65
     6.40      2.28
     4.91     -7.25
    -1.32      3.39
     7.74      7.63
    -0.84      5.46
    -5.22      4.25
    -2.27     -0.02
     6.34     -1.01
    -6.77      0.32
     1.63      1.45
    -6.84      5.11
    -1.41     -4.57
     5.06     -5.32
     5.36     -0.15
    -0.64     -5.39
     2.75     -4.28
    -2.65      5.28
    -0.58      4.97
    -6.15      2.17
     2.38      7.20
     6.31      3.51
    -7.24     -5.05
    -0.14     -5.36
    -3.84     -6.74
    -2.32      6.11
     6.91      5.35
     0.62      4.92
    -6.60      3.82
    -2.74      7.54
    -3.76      4.23
    -3.80      7.18
     5.24      3.11
    -1.33     -4.58
    -1.89     -6.67
     6.33     -0.57
    -6.51     -3.43
     7.02     -2.94
     4.28      3.93
    -6.39      2.89
    -5.49     -3.29
     7.89     -0.74
     6.31     -5.17
     6.26     -4.57
     3.77     -2.47
     0.27     -7.76
    -2.11     -2.32
    -0.13     -4.05
     7.36      3.54
     0.81     -6.22
    -6.80      0.32
     2.10     -3.64
    -1.45     -4.59
     5.61     -1.35
     3.66      7.59
     3.06      4.49
     3.87     -7.13
    -4.18     -6.18
    -5.30     -7.44
     3.12     -7.36
     1.31      4.78
     6.40      4.32
    -7.24     -4.78
     1.37     -7.25
     2.63      6.17
    -0.54     -1.67
    -7.36     -4.70
     0.25      1.97
    -4.07      0.23
     1.07     -5.63
    -0.91      1.74
     4.22     -4.84
    -0.09      0.32
    -5.53      2.73
    -4.92     -4.40
    -6.21      3.12
     1.17     -1.01
     7.05      0.17
     5.74      3.03
    -5.16      0.77
    -2.57      1.57
     5.81      5.65
    -2.30     -2.91
     3.08     -2.53
    -4.33      7.83
     5.34      0.61
    -5.50     -4.77
    -1.51      4.42
    -3.09     -1.19
    -7.95     -3.01
     0.53     -5.99
     1.12      4.44
    -2.80      4.69
     2.87     -1.27
     1.44      1.03
     3.56     -1.66
     0.86     -0.43
    -1.99     -3.16
    -4.17     -2.57
    -1.80     -5.15
     5.44     -0.72
    -6.52     -7.59
    -5.01      2.90
     7.29      6.17
    -2.50     -5.30
     6.49      4.62
     2.73     -7.25
    -0.63      7.49
     4.81     -5.54
     1.05     -2.50
     2.66      5.19
     4.51      0.83
    -7.34     -2.80
    -5.53      6.80
     7.69     -0.29
     7.49      3.21
     2.24      6.00
     3.26     -6.45
    -0.04     -4.07
     4.58     -1.37
    -6.62     -3.27
     4.58     -1.18
     7.44      0.80
    -7.51     -0.88
    -2.78     -0.44
    -3.63     -4.54
    -5.19      0.86
     7.20     -7.97
    -2.23     -4.63
    -4.07     -4.00
     4.40      7.69
    -6.11      3.66
    -3.80     -2.75
     5.66      7.47
    -5.09      5.67
    -6.04     -6.97
     7.87      6.02
     3.44     -0.15
     3.67     -2.47
     3.35      7.34
     4.84     -4.30
     3.23      2.70
     6.49      2.56
    -3.70      4.13
    -2.44     -7.49
    -7.52     -0.64
    -1.06      1.91
    -6.27     -3.49
    -4.31     -2.50
     2.02     -6.26
     0.48     -7.66
    -3.40      3.73
    -0.03      2.83
    -0.98     -5.63
    -4.50     -4.98
     0.69      0.44
    -1.20     -2.19
     3.58      5.72
     5.43     -6.28
    -1.53     -5.41
    -2.50      2.74
    -2.51      7.43
     6.29     -0.20
     5.36      2.55
     1.88     -3.82
    -5.67      6.83
     7.26     -6.59
    -6.17     -1.96
    -6.45     -1.32
     0.36      1.16
     4.94     -3.79
    -5.29     -7.85
     2.05     -4.02
     0.28      3.09
    -3.14     -0.34
     2.49     -6.26
     4.37      3.67
     3.70      7.43
     5.71     -0.78
    -0.68     -2.28
    -3.07      3.85
    -0.09     -3.76
    -4.07     -4.88
     6.34      7.92
    -6.70     -6.81
    -5.89      0.17
     6.14      1.33
    -0.82     -7.11
    -5.74      6.13
     5.59      2.42
     6.69      5.97
    -5.24     -6.10
    -0.76     -4.29
     3.02      5.07
    -7.37     -4.22
     2.39     -5.71
     0.64      2.01
    -3.72     -5.68
     6.84     -0.32
    -1.80     -7.60
     5.24      1.08
     0.25      3.32
     4.44      2.03
     4.90      1.87
     1.30     -1.89
    -6.82     -3.41
    -3.21      1.29
     4.06      4.88
    -2.51      7.10
     4.24     -0.88
    -0.68      2.98
     2.06     -6.61
    -5.71      2.08
     1.99     -1.31
     4.73      5.04
    -4.29     -4.12
     2.70      6.98
    -3.00      6.49
    -5.42     -3.78
     7.93     -7.82
     0.80      7.73
    -7.65      2.79
    -0.65      1.95
     4.10      0.81
    -8.00      4.11
     6.49     -5.14
     2.79     -2.74
    -6.66      0.62
    -7.13      1.25
     3.65      6.91
     4.18     -4.33
    -1.09      5.37
     6.98     -7.87
     3.99     -5.94
    -2.69     -6.33
     7.23      3.09
     0.26     -2.92
     2.51     -0.59
    -1.68     -1.67
     0.26      0.09
     2.31      4.04
     5.90      5.55
    -1.08     -5.62
     2.21     -3.39
    -0.21      5.91
     6.51      4.70
     6.09     -1.12
    -7.07      5.89
    -0.82     -4.56
     0.47      6.15
    -0.39      0.73
    -6.78      1.41
    -3.38     -5.52
    -1.77      1.26
    -2.18     -3.49
     2.39     -3.03
     3.14      1.93
     1.86     -1.55
     5.64     -4.67
    -4.74     -5.99
    -1.91     -3.07
    -2.69      3.46
     0.05     -6.94
     3.91     -5.57
     1.98      1.28
    -7.03      0.30
    -5.53      1.51
    -0.57      6.60
    -4.11     -4.16
     1.48      2.31
     5.95      1.59
    -1.26     -2.10
     3.98      3.61
     3.02      4.22
     1.86      0.22
    -3.23     -1.39
    -5.99      2.05
    -2.21     -0.15
     5.26      3.50
     7.46      4.67
     7.19      4.72
     4.79      7.92
     7.84     -7.14
     4.81      6.56
     4.83     -3.00
     4.21      1.27
    -0.35     -0.12
     1.22      3.87
     2.77     -7.24
     0.41      4.32
    -6.62     -5.71
     2.71     -1.32
     6.56      6.01
     1.30      2.42
    -6.65     -6.22
     7.95      7.41
     1.70      3.94
     6.69     -7.49
    -0.74      3.56
     2.42      7.36
     2.08      4.74
    -3.29      1.49
     1.42     -2.74
     1.42     -2.01
    -5.98     -2.27
    -2.79     -2.90
     3.56      1.61
    -2.46     -4.62
     5.14      4.28
    -4.35      5.46
     6.16     -4.39
     5.95     -0.57
    -0.01     -6.17
    -6.93      1.30
     3.83     -4.82
     4.94     -3.92
     3.90     -2.78
    -2.11     -6.28
    -2.03      0.39
    -5.55     -0.71
    -4.37      2.42
     1.39     -6.04
    -4.69     -5.89
    -3.66     -2.24
     1.19     -5.24
    -7.09     -0.04
     5.89     -3.15
    -1.33     -6.96
    -0.49      3.79
    -1.96     -3.53
    -6.06     -5.97
     0.16      5.82
    -3.53     -6.26
     4.85     -3.88
     2.88      2.41
    -4.92      2.32
     1.10      1.33
     5.91     -0.32
    -6.99     -0.50
    -1.10      6.93
     7.78      2.56
    -3.07      7.17
    -4.45      6.69
     5.55     -5.91
     2.03     -2.27
    -4.57      3.01
     7.49      3.86
     0.53     -3.64
     7.39     -3.49
    -1.06      4.01
    -6.78     -7.98
     3.16      7.91
     0.70     -1.27
    -3.39      3.53
    -6.74      4.92
     0.78     -0.51
    -7.31     -1.90
     1.23      7.57
    -6.20      7.96
    -1.84      1.36
     5.37     -6.81
     1.51     -5.81
    -2.84     -6.58
     6.10     -7.42
    -5.89      7.79
    -5.68     -7.22
     3.11      1.46
    -7.28     -5.22
     2.18     -2.24
    -0.08      2.71
     7.29      7.72
     1.46     -3.34
     6.59      3.38
     5.88     -2.27
     6.95      1.05
    -1.67      6.97
     3.25     -2.58
    -6.36      4.30
     6.90     -4.20
     6.75     -6.19
    -4.25     -2.75
     7.81      7.54
    -2.17      4.16
    -0.55     -5.64
    -6.62     -2.03
     0.28     -4.19
    -4.93      6.71
     5.24     -4.13
     6.18      4.81
     2.94      0.24
    -3.66     -6.77
     4.65      3.81
     2.48      5.27
    -3.02     -4.37
    -0.80      6.56
    -3.35     -4.99
    -3.99     -1.35
    -2.02      3.51
    -6.96     -4.07
    -5.59     -0.58
     6.17     -1.43
    -4.01      3.13
     6.32     -4.38
     6.54      0.28
     2.37      5.54
     1.48     -7.42
    -1.53     -1.90
     4.08     -5.72
     4.51     -6.34
     2.55     -7.12
    -0.92      5.43
     5.87     -7.55
     1.01      4.13
     1.40     -1.01
     2.48      6.11
     6.53     -4.08
    -7.19     -1.96
    -2.93     -5.79
     2.21      4.85
    -4.10      3.19
     1.98      4.28
    -3.39     -1.09
     6.68      1.78
    -7.33     -2.27
     1.64      1.19
     2.20     -3.86
    -3.74     -6.80
     7.83      3.58
    -0.98      3.34
    -6.46      7.30
    -1.42      3.84
    -5.12     -5.36
    -1.71      0.28
    -3.30      6.82
     7.83      5.47
    -2.19     -0.06
    -2.06      1.15
    -3.52      6.10
    -3.93     -0.67
    -5.18     -2.31
    -7.57     -2.72
     7.98      2.45
     0.29      0.29
     2.20     -2.16
     7.31     -7.21
     6.94     -2.81
    -4.80      5.00
     5.53     -0.85
     6.11     -6.72
    -7.57      4.68
    -3.40     -3.35
    -3.29      6.04
    -6.12      5.54
    -7.07     -6.62
    -6.11     -7.28
     2.28      4.61
    -1.69      0.05
    -6.97      2.39
     5.71     -0.97
     4.81      0.97
    -1.59     -2.37
     1.37      7.09
    -6.08     -7.41
     0.49     -3.23
     4.43      4.76
     2.91      3.09
    -7.87      4.86
    -4.76     -1.98
    -4.62     -2.59
    -2.27      7.96
     7.94      7.88
     6.68      4.63
    -0.16     -0.58
    -2.79     -0.53
     2.68      1.24
     5.19     -6.32
    -4.19      0.17
    -0.77     -2.80
     4.95     -4.90
     1.81      7.13
    -2.59     -4.73
     3.70     -0.45
    -0.72      2.92
    -1.63     -4.30
     1.37     -1.18
     4.02     -5.35
     4.42     -6.45
    -1.14     -7.95
     2.18     -2.71
     4.94      0.06
    -6.52     -3.95
     4.83      3.25
     1.02     -3.12
     2.95     -3.45
     3.00      5.61
     2.36     -2.25
     5.00     -2.79
    -5.13      2.16
    -4.05      1.02
     6.67     -7.76
     6.63      2.98
     5.31     -5.14
    -7.42      6.97
    -0.58     -5.61
     0.59     -7.29
     7.46     -5.83
    -7.16     -3.18
     2.18      0.92
     2.20      1.89
    -5.82      3.32
    -0.09     -1.89
    -2.92      6.39
     5.95      4.49
    -3.89     -6.88
     0.01     -1.57
     2.92     -5.09
     3.55      7.02
     2.58      2.94
    -6.89      4.23
    -6.04     -2.89
    -4.02     -4.01
    -7.63     -7.22
     5.39     -3.37
     6.16      0.26
     6.17     -1.39
    -2.71      7.76
     4.57      2.47
     1.87     -5.56
    -3.18      0.15
    -2.95     -2.75
     0.04      6.09
    -7.28      5.46
     2.27     -7.05
     5.06      3.40
    -7.93     -0.14
    -5.61      0.45
     4.04      5.17
     5.50      3.49
     1.42      6.00
     4.29     -5.57
    -3.50     -3.19
    -0.32      6.20
     1.00      6.40
    -3.21      4.73
     6.58     -4.87
     4.21     -0.67
     6.06     -0.71
    -3.26      6.50
     0.45      2.49
     2.61     -5.26
    -4.93      4.22
    -2.74      0.82
     0.97     -6.10
    -1.01      7.20
     2.18     -0.96
     6.93     -1.85
     1.48      5.05
     2.81     -4.31
     3.19     -0.72
    -0.72     -1.25
    -6.39     -3.12
     5.75     -7.81
    -5.21     -5.58
    -6.25      7.27
    -6.63      1.18
    -5.50      5.65
     1.90      5.10
    -6.32      0.47
    -4.10     -1.43
    -6.60     -1.18
    -7.88     -3.41
     3.79      1.32
    -2.49      1.07
    -6.15     -5.41
     1.91      4.67
    -1.58     -7.97
     3.94     -4.43
    -6.26     -4.30
    -0.18      3.35
    -5.99      4.97
     1.65     -0.15
     5.68     -0.10
     5.33      5.90
     2.63      2.35
    -3.34      7.38
    -1.89      6.33
     4.88      3.96
     1.06      2.49
    -3.36      3.40
    -0.94     -4.11
    -7.16      7.40
     0.36      0.60
     2.90      7.41
     3.08      7.11
     7.93      3.13
    -3.66      3.67
    -4.20      3.38
     0.44     -5.54
    -5.76      4.51
    -6.64     -5.20
    -3.00     -6.68
     6.24      1.05
     7.03     -4.92
     6.43      2.66
    -5.81     -3.08
     3.90      1.33
     7.97     -0.99
     0.48     -0.09
     0.24      5.67
    -2.79      3.65
     2.11     -4.95
     3.37     -0.59
     4.08     -4.56
     1.01     -6.04
    -6.94      3.05
    -2.33      3.27
    -4.88     -0.77
    -1.60      7.31
     2.15      1.02
     7.18      4.78
    -0.02     -0.19
    -3.55     -5.53
     4.72     -5.44
     7.86     -1.40
    -1.00      2.02
    -0.62     -3.49
     3.76      2.45
     6.60      1.54
    -7.53      6.77
    -7.42     -2.84
    -1.66      4.64
    -5.26      1.98
     4.37      1.84
    -5.63     -5.33
     4.10     -1.38
     4.25      6.54
     1.21      2.21
     0.83      6.07
    -1.56      4.87
    -1.83      7.18
    -7.24      0.18
     5.82     -3.89
     2.33      6.41
    -3.14      6.03
    -3.40     -3.77
     4.14     -1.11
    -2.46     -7.81
     7.55      2.46
    -1.40     -3.10
    -1.85     -5.94
    -3.71     -2.95
     1.22     -2.96
    -3.61      3.99
    -4.47     -7.26
    -5.28      6.31
    -4.12     -5.99
    -4.56     -3.51
     7.06      2.65
     7.99      2.25
     6.38      3.51
     0.29     -4.96
    -2.40     -2.62
     7.93      1.09
     4.72     -4.78
     2.81     -1.70
     0.46      6.07
    -4.33      7.09
    -3.19     -3.02
     1.30     -5.32
     0.37      2.88
     1.35     -4.23
    -1.41      0.87
    -0.64      4.13
     2.55     -6.92
    -0.78     -6.79
     4.62     -2.09
    -2.80      7.39
    -5.08      6.31
     7.64      4.77
    -2.14      7.58
    -5.26     -2.83
    -6.53      0.24
    -4.72     -7.65
    -3.60     -3.81
     4.62     -1.35
     0.89      3.06
     2.79      3.19
     3.41     -7.89
     3.59     -1.05
     2.17      7.44
     4.71      3.31
    -0.20     -0.09
    -0.07      0.43
    -6.64     -0.99
    -4.05     -1.22
    -2.03     -0.51
     4.07      5.64
    -7.43      3.36
    -3.61      7.83
     2.34     -3.63
    -4.07      3.24
    -6.15      0.47
     1.40     -6.57
    -6.60      1.99
    -0.73     -4.76
    -0.95      2.53
     6.71      0.20
     6.93     -2.04
    -7.69      0.93
    -5.90      1.55
     4.87     -7.70
    -5.93     -3.87
     6.90     -5.32
    -3.60     -0.34
    -0.51      3.70
     1.69      2.65
    -7.75      1.55
    -2.40     -2.23
     4.81      6.57
    -3.87      2.20
     4.24      7.25
    -5.34      2.92
    -2.12      0.84
     1.89      6.87
     4.94     -0.47
     5.46      5.43
    -6.86     -5.96
     3.87      0.90
    -6.36      2.28
     4.17     -3.90
     0.97      5.40
     6.92     -2.00
     5.33     -6.91
     0.57      4.82
    -7.95     -4.35
     4.98      7.37
     5.24     -5.49
     7.58     -4.94
     2.39      7.05
    -2.96      2.20
     6.19     -3.27
     1.16      3.20
    -3.38      7.41
     7.48     -3.11
     0.88      5.46
    -3.23      7.05
    -5.12      3.54
     3.15      4.27
     7.01     -3.30
    -2.92      6.26
     4.29      3.96
    -4.05      2.46
     5.76     -3.03
    -7.36      2.06
    -3.99     -3.83
     1.73      6.26
     2.15     -2.05
     6.23     -4.08
    -2.76      3.09
    -4.17     -2.54
     1.89      7.18
     6.63      7.95
    -2.43      3.60
     3.78      5.85
    -2.05      0.94
    -0.47     -5.35
     5.79     -1.51
     0.12      5.64
    -7.12     -0.83
    -2.38     -0.95
    -3.42     -7.72
    -5.06     -1.37
     7.16      7.73
    -7.70      7.98
     4.30      4.42
    -0.04     -1.61
     0.08     -2.47
    -5.88      5.99
     7.51     -0.83
     2.28      5.26
    -6.18     -7.86
    -7.01     -2.07
     3.40      3.16
    -2.59      4.25
     0.37     -7.69
     4.22      1.58
     1.63      7.08
     5.93     -2.84
    -3.19      2.12
    -4.28     -5.69
     2.56     -7.54
     6.32     -0.85
    -1.96      1.19
     4.71      7.53
    -7.13      3.87
     5.41     -6.73
