Matriz A 5x6                              
 0.00 -1.23  5.33 -2.32  7.32 -0.23   
 2.33 -2.33 -0.01  2.36  2.67  0.06   
-3.39  4.25  3.67  0.23 -2.56  7.99   
-9.99  9.99  3.38 -5.79 -0.37 -1.01   
 0.01 -9.35 -0.23 -0.20  1.00  2.99   

Matriz B 5x5
 9.99  3.38 -5.79 -0.37 -1.01
-3.39  4.25  3.67  0.23 -2.56
 4.25  3.67  0.23 -2.56  7.99
-9.35 -0.23 -0.20  1.00  2.99
 0.00 -1.23  5.33 -2.32  7.32


Matriz C 8x11
 0.00 -1.23  5.33 -2.32  7.32 -0.23  9.99  3.38 -5.79 -0.37 -1.01
 3.38 -5.79 -0.37 -1.01 -9.35  2.33 -2.33 -0.01  2.36  2.67  0.06
-3.39  4.25  3.67  0.23 -2.56  7.99  4.25  3.67  0.23 -2.56  7.99
 2.33 -2.33 -0.01  2.36  2.67  0.06 -3.39  4.25  3.67  0.23 -2.56
-9.99  9.99  3.38 -5.79 -0.37 -1.01 -9.35 -0.23 -0.20  1.00  2.99
 0.01 -9.35 -0.23 -0.20  1.00  2.99  0.00 -1.23  5.33 -2.32  7.32
-3.39 -0.01  2.36  2.67  2.99  0.00 -1.23  5.33  0.00 -1.23  5.33
-2.56  7.99  4.25  3.67  0.00 -1.23  5.33 -2.56  7.99  4.25 -2.32


Matriz A  v = c
Matriz C  v = t
Matriz B  v = d
Matriz C  v = l
Matriz A  v = t
Matriz B  v = c
Matriz A  v = l
